(4, -25)
(7, 10)
(12, 15)
(1, 12)
(-10, -27)
(3, -4)
(-11, -34)
(5, 30)
(4, 15)
(1, -42)
(-20, -5)
(3, 10)
(16, -35)
(-22, -17)
(-32, -13)
(-3, -10)
(31, -8)
(-33, 8)
(34, -31)
(-9, 6)
(-5, -6)
(16, 47)
(17, -6)
(9, -12)
(-5, 24)
(30, 17)
(8, 29)
(-16, -19)
(18, -13)
(22, -31)
(15, 0)
(-41, 6)
(43, 10)
(22, 3)
(-28, 29)
(-11, 34)
(-1, 66)
(-42, -19)
(0, -5)
(33, 28)
(24, -3)
(-39, -20)
(-1, -30)
(29, 18)
(26, 21)
(19, -2)
(1, -62)
(-28, -19)
(-12, -23)
(-14, -23)
(-13, 38)
(4, -1)
(-42, -7)
(-1, 12)
(-9, -12)
(-18, 25)
(13, -26)
(-8, -39)
(-26, -3)
(-2, 35)
(10, -39)
(-8, 35)
(-40, -1)
(8, 35)
(-50, -19)
(-14, -1)
(9, 6)
(22, 31)
(-31, 0)
(45, -2)
(4, -15)
(32, -3)
(67, 20)
(11, -2)
(-33, -2)
(7, -30)
(-2, -5)
(-19, 24)
(23, 60)
(37, 16)
(23, 14)
(-26, -5)
(-21, -10)
(30, 13)
(0, -7)
(52, 15)
(11, -12)
(19, -8)
(-34, 3)
(-10, -15)
(-8, -17)
(-12, -29)
(12, 41)
(-14, 5)
(46, -1)
(31, -48)
(-4, 23)
(18, -3)
(-20, -1)
(44, 15)
(-3, -26)
(-47, -26)
(46, -21)
(27, 4)
(3, -20)
(20, 15)
(28, 29)
(69, -4)
(-18, -21)
(-3, -2)
(-13, 12)
(13, -8)
(-8, -63)
(18, -23)
(2, 3)
(22, -7)
(22, -39)
(3, -22)
(-24, -25)
(14, -7)
(-16, 17)
(-7, 24)
(0, -21)
(-13, -28)
(-7, -2)
(21, 2)
(11, -18)
(34, -11)
(36, 17)
(-26, 1)
(-40, 27)
(-8, -11)
(-2, 45)
(-7, 28)
(-43, -2)
(24, -23)
(12, 3)
(6, 5)
(10, -5)
(-17, -18)
(5, 18)
(23, -6)
(-20, -25)
(-6, 15)
(-11, -4)
(-5, -32)
(-10, -3)
(24, 23)
(34, 1)
(-20, -9)
(-19, -16)
(-4, 9)
(28, 23)
(12, -23)
(-8, -25)
(12, 1)
(-6, -41)
(9, -22)
(38, -67)
(20, -17)
(16, -17)
(-9, -8)
(-17, -12)
(-40, -5)
(24, 3)
(14, 13)
(27, -14)
(-30, 51)
(2, 11)
(-20, 9)
(-11, 20)
(-2, 49)
(-43, -20)
(-12, 37)
(-40, 3)
(12, 13)
(13, 34)
(8, 31)
(3, 24)
(9, -50)
(-3, 30)
(-13, -4)
(1, -4)
(9, -18)
(-9, -44)
(-35, 26)
(-13, 2)
(46, 7)
(21, 18)
(60, 17)
(-25, 20)
(-39, 22)
(41, 2)
(16, 5)
(-4, 29)
(-18, 9)
(-16, 9)
(36, -1)
(26, 25)
(20, 9)
(14, 19)
(19, -16)
(23, -10)
(26, 45)
(-33, 0)
(-12, 13)
(11, 10)
(-11, 24)
(-32, 13)
(6, -33)
(-5, -16)
(8, -5)
(-1, -8)
(38, 9)
(6, 11)
(44, -7)
(15, -32)
(-2, -41)
(-24, -9)
(6, -13)
(-21, -2)
(-39, 14)
(-20, -29)
(15, -2)
(-70, 1)
(32, -17)
(-24, 15)
(16, 43)
(-39, 16)
(-50, -15)
(13, 14)
(50, -9)
(-17, 6)
(7, 34)
(39, -12)
(-17, -10)
(-36, 7)
(-5, -10)
(-9, 42)
(-13, -16)
(-19, 20)
(-16, -5)
(-2, -25)
(-60, -9)
(-12, -33)
(5, -2)
(12, -31)
(-25, 34)
(-13, -2)
(30, -9)
(-46, -7)
(-6, -27)
(-21, -4)
(-12, 1)
(14, 1)
(20, 17)
(-44, -29)
(13, -16)
(-36, 47)
(-13, 64)
(10, -7)
(3, -26)
(-2, -19)
(-16, -17)
(-30, -5)
(-20, -11)
(-37, 10)
(-10, 15)
(-22, -67)
(22, -47)
(-9, -42)
(48, 5)
(22, -15)
(-11, -10)
(-17, 18)
(-12, -25)
(28, -45)
(-24, 23)
(12, -21)
(-5, -18)
(10, 1)
(41, -14)
(-4, -3)
(-20, -31)
(13, -36)
(-14, -9)
(4, 9)
(48, -15)
(10, 17)
(4, 25)
(-31, 2)
(5, 28)
(61, 10)
(-12, -9)
(-23, 4)
(10, -15)
(-4, -13)
(39, 6)
(-12, 17)
(-6, -17)
(-5, 28)
(-19, -4)
(-64, -33)
(-23, -8)
(29, 0)
(-40, 5)
(5, 26)
(-40, 55)
(5, -54)
(11, -16)
(24, 31)
(2, 13)
(-29, 14)
(-9, 2)
(10, -21)
(-19, 22)
(15, -20)
(-4, -41)
(43, 30)
(-22, 27)
(19, 34)
(6, -21)
(-10, 13)
(-6, -3)
(-3, 16)
(-39, 28)
(23, -20)
(25, -30)
(48, -3)
(6, 15)
(46, -49)
(16, -33)
(-30, 23)
(-15, -6)
(8, -9)
(-24, 21)
(4, -29)
(6, 39)
(11, 14)
(-1, 18)
(33, -20)
(-18, 19)
(6, -31)
(11, 8)
(-24, -15)
(1, -28)
(-44, 17)
(24, -29)
(-39, -26)
(-7, 10)
(17, -16)
(-9, 8)
(13, -24)
(-32, 9)
(17, -18)
(7, 2)
(28, 21)
(28, -11)
(6, -37)
(-5, -8)
(-21, 14)
(26, -29)
(12, 7)
(-6, 5)
(-4, -31)
(-12, 31)
(0, 3)
(8, 33)
(-2, 31)
(-2, -17)
(26, -43)
(-45, 12)
(33, 8)
(-17, -38)
(28, -3)
(44, 23)
(25, 8)
(-26, 17)
(1, 2)
(-11, 28)
(-7, 32)
(41, -18)
(-3, -34)
(9, 12)
(-25, -6)
(-1, -18)
(-20, 11)
(36, 9)
(36, 29)
(-13, -18)
(21, 42)
(-22, 37)
(37, -8)
(-14, -3)
(-18, -23)
(-21, 28)
(-30, -11)
(3, 4)
(0, -15)
(-1, -12)
(-67, -32)
(-15, 8)
(18, -1)
(14, -17)
(-39, -2)
(-6, 49)
(4, -13)
(29, -18)
(21, 28)
(8, -1)
(-2, 15)
(-12, 27)
(-13, -32)
(33, -2)
(-24, -43)
(14, 3)
(-2, 5)
(33, 0)
(-40, 1)
(21, 30)
(13, 20)
(0, 13)
(5, -20)
(-12, -19)
(25, -2)
(-5, 8)
(-19, -6)
(-7, 6)
(12, -29)
(14, -15)
(-22, -3)
(-22, -29)
(1, 8)
(34, 5)
(-29, -10)
(20, 23)
(-6, -1)
(19, -20)
(3, 14)
(6, 27)
(31, 20)
(-48, -1)
(-8, 11)
(9, -14)
(1, -38)
(-32, 7)
(26, 1)
(-35, -16)
(-8, 3)
(13, 10)
(-38, 11)
(-5, 12)
(-6, -19)
(-30, 33)
(-41, 18)
(-1, -56)
(-46, -11)
(18, 25)
(9, -2)
(6, 31)
(1, -20)
(12, 17)
(-37, 4)
(2, -5)
(59, -2)
(20, 5)
(-27, 18)
(-27, 20)
(7, -14)
(-3, 6)
(-22, -13)
(15, 18)
(20, 33)
(10, 13)
(-2, -7)
(-38, -21)
(4, 1)
(10, 5)
(37, -14)
(-7, -22)
(-30, 37)
(-48, -15)
(-1, 24)
(4, 7)
(16, 25)
(-35, 4)
(-18, 37)
(2, -13)
(14, -1)
(5, 40)
(12, -59)
(-44, -27)
(10, -11)
(-34, 45)
(0, 5)
(-4, 5)
(23, 12)
(-8, -3)
(-14, 21)
(-12, 15)
(18, 35)
(0, 1)
(27, 20)
(-11, 4)
(-30, 1)
(-34, -1)
(-26, 41)
(-49, 26)
(38, 1)
(-22, -37)
(-5, 2)
(23, 18)
(-32, 23)
(-3, 46)
(18, 17)
(38, -17)
(-5, 20)
(-3, 4)
(3, -32)
(14, -5)
(1, 26)
(22, -27)
(42, 17)
(9, 0)
(9, -20)
(16, -7)
(41, 48)
(31, 6)
(-35, -36)
(10, -65)
(9, -34)
(-35, 10)
(-11, -28)
(19, -10)
(-6, 57)
(8, 19)
(1, -2)
(-16, 23)
(-34, -29)
(-43, 14)
(-17, -36)
(-3, 26)
(-39, -10)
(32, 1)
(29, 12)
(1, -22)
(-13, 0)
(12, -27)
(19, -6)
(11, 24)
(-28, -31)
(37, -18)
(4, -5)
(12, 21)
(1, 16)
(8, 11)
(20, -9)
(33, -44)
(-31, 8)
(44, -11)
(-5, 4)
(-29, -4)
(45, 22)
(-8, 9)
(2, 7)
(21, 12)
(-18, -27)
(15, -18)
(20, 27)
(-34, -17)
(6, 21)
(-27, 22)
(-29, 4)
(17, 18)
(24, -37)
(13, 28)
(-25, 52)
(37, 32)
(27, -18)
(-28, 21)
(-4, 1)
(27, -16)
(-10, 43)
(-10, 3)
(-6, -15)
(27, -4)
(14, -21)
(-11, -16)
(6, 29)
(-28, 9)
(36, -7)
(18, 15)
(6, -43)
(3, -8)
(35, -4)
(44, -15)
(-29, -30)
(29, 34)
(-7, 0)
(-35, 30)
(21, -10)
(7, 22)
(-34, 23)
(15, -4)
(10, 11)
(-1, 16)
(-18, 5)
(0, 17)
(14, 11)
(5, 14)
(16, 11)
(6, -15)
(-17, 0)
(-10, -29)
(6, -17)
(-28, 13)
(-25, 10)
(-22, 13)
(-23, 0)
(-26, -7)
(5, 42)
(-78, -31)
(-16, -31)
(-62, 13)
(-1, 28)
(-21, -42)
(-7, -26)
(-8, -7)
(-4, -9)
(37, -28)
(13, 4)
(-21, 6)
(36, 41)
(-19, 12)
(-13, -10)
(24, -19)
(-44, -7)
(-16, 3)
(0, -25)
(-31, -20)
(2, -3)
(56, 23)
(0, 31)
(21, 32)
(8, 25)
(17, 14)
(-3, -4)
(0, -13)
(5, 10)
(16, -19)
(11, -26)
(-21, 4)
(-9, 30)
(29, 26)
(28, -1)
(-37, 0)
(-24, 19)
(48, 23)
(-4, -65)
(34, 37)
(22, 45)
(8, 15)
(34, -35)
(0, -3)
(17, 16)
(25, -10)
(12, 29)
(26, 15)
(45, 28)
(29, -14)
(-1, -54)
(-24, -1)
(-1, -6)
(39, 12)
(7, -48)
(16, -45)
(14, -31)
(-28, 43)
(8, 39)
(-30, 47)
(20, -31)
(-8, -13)
(0, 7)
(12, 5)
(-13, 24)
(44, 9)
(19, 2)
(2, -23)
(-28, 3)
(0, -19)
(15, 6)
(-31, -46)
(-5, 38)
(-13, -20)
(-50, -37)
(-32, 1)
(-2, 17)
(48, 9)
(-40, -7)
(-5, 6)
(-26, 15)
(31, 34)
(-39, 12)
(6, 1)
(-21, -16)
(34, 43)
(9, 28)
(-11, 60)
(-16, -21)
(46, 9)
(45, -16)
(-9, 14)
(7, -26)
(-1, 22)
(15, 36)
(17, 40)
(-18, 11)
(2, 29)
(9, -24)
(6, -1)
(-18, -1)
(5, -14)
(21, -22)
(-31, -14)
(-20, -15)
(-10, -19)
(-11, -38)
(7, 12)
(42, 35)
(-15, 22)
(3, 26)
(43, -12)
(17, 2)
(-6, -11)
(23, -2)
(10, -17)
(-13, -14)
(-12, -3)
(-1, 8)
(-36, -13)
(-42, 15)
(-26, -15)
(39, 28)
(-16, -1)
(-45, -16)
(-13, 18)
(-6, 9)
(8, -13)
(43, -14)
(-10, 27)
(-11, 18)
(-16, -7)
(7, 40)
(19, 0)
(6, -9)
(-33, -20)
(12, -15)
(-2, -1)
(-49, 16)
(-9, 48)
(9, 4)
(13, -40)
(-45, -12)
(-18, 43)
(-2, 19)
(-46, -23)
(3, 18)
(-29, -12)
(9, 2)
(9, -28)
(50, 7)
(-20, -7)
(7, 24)
(-3, 20)
(7, -20)
(-6, 25)
(-24, 13)
(-34, 1)
(10, -33)
(-16, -11)
(-30, 9)
(-15, 16)
(-9, 24)
(30, 37)
(1, -26)
(-17, 16)
(-57, 38)
(24, -7)
(-13, -22)
(20, -43)
(5, -24)
(11, -20)
(13, -4)
(26, -19)
(24, -35)
(-9, -2)
(-2, -53)
(-13, -8)
(21, -4)
(-28, -15)
(47, -12)
(-27, -18)
(-33, -14)
(11, 2)
(-34, -7)
(-20, 27)
(-37, 32)
(-28, 23)
(17, 10)
(20, -3)
(20, 13)
(31, 0)
(30, -19)
(-41, -18)
(16, 3)
(5, -12)
(10, 49)
(-10, -9)
(23, -16)
(18, -35)
(12, -3)
(-32, -27)
(16, -3)
(-27, 12)
(4, 11)
(-2, -33)
(-31, 26)
(-18, -13)
(7, -6)
(-4, -11)
(11, -4)
(-29, 44)
(-6, -45)
(8, 49)
(9, -16)
(-35, -4)
(-3, -28)
(0, -41)
(-14, -11)
(25, -32)
(21, -18)
(-11, -22)
(-30, 11)
(36, -23)
(13, 26)
(48, -29)
(13, -30)
(-6, -7)
(6, -29)
(-24, -13)
(14, 35)
(35, -34)
(-24, 39)
(-1, -36)
(23, 0)
(45, 12)
(-25, -4)
(-9, -16)
(-23, -42)
(-16, 11)
(-37, -16)
(18, 39)
(-27, 2)
(-17, -6)
(-18, 13)
(-14, -19)
(-2, -3)
(-5, -58)
(9, -42)
(8, -21)
(-47, 4)
(-34, 7)
(-47, -40)
(-12, 33)
(-7, 42)
(-6, -5)
(-14, 13)
(25, 30)
(6, 17)
(-33, 14)
(50, 11)
(-1, 2)
(34, -9)
(-17, -40)
(-18, -5)
(-29, 48)
(-2, 7)
(-35, -22)
(9, -8)
(3, -6)
(-12, 5)
(-14, -31)
(39, -18)
(-14, 19)
(-31, -8)
(-16, 37)
(25, 54)
(-22, 17)
(-6, -13)
(23, 6)
(-18, -17)
(-51, -26)
(-24, -11)
(17, 0)
(54, -31)
(36, 45)
(25, 0)
(18, 33)
(26, -11)
(2, 37)
(-28, 7)
(-39, 0)
(10, -3)
(8, -11)
(28, -33)
(35, -38)
(-8, 23)
(-19, -34)
(-27, 24)
(-1, 36)
(-61, -26)
(-24, 29)
(38, 51)
(25, 34)
(8, -39)
(-49, 4)
(-6, 21)
(-35, 22)
(49, 12)
(-19, -50)
(-19, 10)
(4, -23)
(19, 60)
(5, 62)
(-23, 16)
(3, 36)
(-22, -1)
(17, -26)
(-16, 5)
(15, -10)
(3, -28)
(23, 42)
(8, -37)
(-9, 0)
(6, -7)
(31, -52)
(-38, -1)
(8, -35)
(30, -15)
(-13, 8)
(-32, 17)
(48, -23)
(-7, 12)
(4, -17)
(18, -9)
(5, 12)
(35, 18)
(1, 14)
(7, -22)
(-44, 35)
(-20, 1)
(-3, -52)
(16, 39)
(21, 4)
(33, -16)
(22, 9)
(-25, -42)
(3, -12)
(-1, -28)
(17, 8)
(29, -2)
(-45, -8)
(-8, 5)
(0, 21)
(-1, -20)
(67, -18)
(-12, 7)
(-19, 16)
(-1, 10)
(8, 61)
(20, -33)
(-4, -39)
(32, 27)
(5, 32)
(-19, -10)
(52, 13)
(26, -59)
(15, 16)
(-17, -44)
(32, -15)
(38, 15)
(-25, 44)
(23, 16)
(-14, 31)
(-20, -23)
(13, -34)
(8, 9)
(20, -21)
(22, 5)
(-20, 33)
(11, 22)
(-14, 49)
(-47, -16)
(36, -17)
(-33, 2)
(-3, 40)
(-1, 4)
(10, 3)
(29, 20)
(4, -27)
(-32, 3)
(22, 37)
(5, -34)
(24, 25)
(14, -13)
(3, 22)
(21, 6)
(27, -26)
(-37, -32)
(-5, -22)
(27, -24)
(-9, 22)
(32, 29)
(-17, 8)
(-32, -5)
(35, 10)
(-13, 20)
(19, 24)
(-10, 17)
(-25, 14)
(-29, 10)
(40, -21)
(12, 23)
(2, 21)
(-21, -18)
(-19, 26)
(2, -35)
(22, -65)
(26, -23)
(7, -32)
(45, 8)
(-22, 33)
(-30, 27)
(-14, -13)
(9, 30)
(-15, 32)
(6, 9)
(-2, -29)
(-10, 21)
(-19, -12)
(5, 8)
(9, 38)
(-29, 6)
(-18, 31)
(-41, -10)
(0, 11)
(20, -19)
(27, 36)
(32, -7)
(-22, 3)
(-34, -39)
(-17, 24)
(4, 21)
(-13, 30)
(49, 4)
(-33, 36)
(-27, 0)
(14, 23)
(28, -5)
(-14, 3)
(21, 22)
(0, 51)
(-28, -33)
(21, -6)
(-3, -12)
(-5, -28)
(-26, -29)
(-1, 52)
(-36, -25)
(1, 22)
(40, -17)
(-40, -31)
(-28, -17)
(-10, -23)
(-30, 15)
(-52, -3)
(26, -9)
(26, 5)
(-21, -30)
(24, 15)
(-24, 25)
(-29, -32)
(-24, 1)
(-30, -19)
(-22, 23)
(8, 7)
(-19, 6)
(-1, 0)
(14, 21)
(21, 20)
(-24, 17)
(2, -25)
(-3, 8)
(-23, -10)
(-36, -23)
(10, 21)
(-7, -10)
(-16, -23)
(30, -1)
(-2, 11)
(-37, 14)
(-17, -30)
(-20, -59)
(-24, 7)
(28, -7)
(-15, 6)
(-39, 4)
(3, 32)
(17, -8)
(32, 51)
(-10, -5)
(-44, 9)
(-34, 9)
(16, 19)
(27, 16)
(-5, 0)
(-1, 46)
(-43, -14)
(8, -19)
(7, -8)
(42, -13)
(30, 31)
(-7, 8)
(26, 3)
(-2, 25)
(-48, -13)
(-37, -6)
(10, -13)
(-1, 14)
(-7, 14)
(-23, 2)
(27, 22)
(-6, -57)
(-2, 43)
(-15, -4)
(0, 53)
(25, 20)
(5, -4)
(-11, -8)
(10, -31)
(-2, 37)
(-23, -40)
(47, -10)
(6, 23)
(13, -58)
(-6, 41)
(-13, -12)
(25, -14)
(-8, -41)
(15, 2)
(-25, 26)
(2, -1)
(14, -19)
(-19, 18)
(53, 30)
(18, -47)
(32, 21)
(18, 23)
(3, 2)
(44, -5)
(-29, 34)
(34, -59)
(-30, -29)
(-29, -14)
(15, -30)
(-10, -11)
(16, -1)
(-5, -14)
(31, 2)
(-38, -23)
(62, 11)
(35, -32)
(18, 5)
(14, 37)
(-14, 27)
(10, 35)
(4, -3)
(39, 14)
(39, 30)
(-4, 3)
(-28, 5)
(-8, 19)
(48, 21)
(-10, -35)
(-9, 10)
(39, -22)
(12, -25)
(25, -16)
(-30, -9)
(0, 27)
(-10, -37)
(-52, 21)
(-58, -11)
(9, 22)
(24, -15)
(-13, 42)
(28, 3)
(22, -11)
(7, 18)
(36, 1)
(25, 16)
(18, 1)
(24, -9)
(20, -1)
(-15, 10)
(22, -51)
(18, 13)
(39, 4)
(-27, 6)
(-22, 29)
(-57, 2)
(13, -42)
(16, 13)
(42, 33)
(-25, 16)
(-29, 28)
(-11, 14)
(8, -23)
(-17, -56)
(47, -18)
(-5, -34)
(-9, -14)
(-41, 10)
(-8, 17)
(24, 41)
(-16, -9)
(-19, -8)
(-15, 20)
(7, 14)
(-37, 36)
(3, -24)
(14, 25)
(-24, -47)
(-20, 21)
(-15, -16)
(-10, 49)
(-34, -3)
(14, -23)
(20, -25)
(-37, -10)
(-19, -2)
(0, -29)
(34, 45)
(-7, -34)
(-17, -34)
(-7, -20)
(29, -12)
(-11, 40)
(3, 8)
(-22, -57)
(-4, 21)
(-15, -24)
(50, -3)
(33, -34)
(-11, 30)
(7, -28)
(39, 8)
(17, 12)
(10, -35)
(0, -9)
(-7, -40)
(-4, -15)
(42, 31)
(21, 26)
(14, -37)
(-11, 12)
(52, -25)
(-19, -20)
(1, 4)
(-41, -4)
(26, -21)
(8, -17)
(13, -2)
(-10, 9)
(-7, 72)
(-4, 17)
(-17, -2)
(-1, -16)
(21, 10)
(-26, 13)
(-31, 12)
(49, -6)
(-23, -6)
(33, -8)
(-47, 14)
(-27, 32)
(4, -7)
(16, -11)
(-23, 22)
(-18, -11)
(12, -1)
(2, -21)
(-39, 6)
(-5, -2)
(-16, 19)
(3, -30)
(-38, 33)
(-4, -7)
(37, -30)
(-2, -27)
(-6, 37)
(-45, -2)
(9, 14)
(51, -32)
(-14, 29)
(-28, -11)
(42, -31)
(-34, 11)
(11, 28)
(2, 31)
(-17, -16)
(24, -5)
(14, -9)
(28, -25)
(20, -23)
(5, 24)
(0, -37)
(-11, 10)
(-41, 8)
(-6, 31)
(-4, 35)
(44, -3)
(20, -11)
(-7, 40)
(1, -8)
(-3, 10)
(19, -12)
(7, -12)
(-21, 12)
(4, -51)
(-34, -45)
(14, -3)
(18, 29)
(44, -25)
(49, 38)
(32, -23)
(-23, -30)
(1, -40)
(-39, 34)
(-15, 2)
(-4, -27)
(-26, 25)
(17, -36)
(4, 13)
(20, -37)
(11, 12)
(1, -44)
(-23, 10)
(-13, -48)
(-15, -18)
(30, 29)
(21, -20)
(36, -25)
(26, 29)
(2, -15)
(-12, 9)
(33, 24)
(-27, -22)
(5, 48)
(11, 34)
(-12, 25)
(-11, -6)
(16, 21)
(-2, 1)
(-6, 17)
(-38, -61)
(-12, 35)
(-11, -18)
(22, 35)
(-8, 13)
(36, -41)
(11, 30)
(8, -7)
(20, 45)
(10, 23)
(-5, 22)
(-6, 3)
(-21, -6)
(-25, 30)
(16, 9)
(-19, -22)
(23, -36)
(-31, 10)
(4, 23)
(31, -40)
(7, -10)
(-14, 17)
(28, 17)
(29, -22)
(-70, -19)
(-19, -32)
(-21, -14)
(-33, -26)
(6, 7)
(2, 25)
(19, 14)
(-12, 23)
(13, -12)
(-35, 0)
(10, -23)
(9, 8)
(-49, -22)
(34, -7)
(-23, -14)
(-25, 40)
(61, -8)
(-25, 22)
(-12, -15)
(22, 25)
(-3, -8)
(-2, 61)
(18, 21)
(-33, 42)
(39, -4)
(6, -5)
(-47, -4)
(17, -14)
(14, 9)
(-9, -24)
(41, 34)
(18, 31)
(38, -3)
(-12, 41)
(-39, -24)
(-25, 2)
(-8, 37)
(-59, -42)
(-6, 23)
(16, 31)
(5, -8)
(-7, 18)
(1, 72)
(21, 14)
(5, 20)
(-3, -54)
(25, -20)
(-47, -22)
(-15, -26)
(12, 27)
(12, -7)
(1, 0)
(-17, -14)
(-22, -5)
(-14, -7)
(-23, 38)
(39, 0)
(32, -1)
(52, 23)
(13, 6)
(-20, 15)
(-46, 1)
(0, -17)
(8, 51)
(-7, -4)
(14, -75)
(-75, 0)
(15, 14)
(33, -10)
(6, 3)
(0, 15)
(-11, 22)
(5, -28)
(16, -37)
(39, -40)
(-32, -1)
(13, -22)
(50, -5)
(-6, 33)
(-11, 26)
(-9, -26)
(53, 12)
(2, 19)
(-52, -1)
(40, 23)
(8, 45)
(-15, 18)
(-8, -47)
(24, -21)
(55, 50)
(18, 7)
(10, 27)
(13, 16)
(2, 23)
(-20, 51)
(27, 28)
(-14, -33)
(59, -10)
(-32, -7)
(-17, 20)
(53, -16)
(22, -49)
(-16, 35)
(3, -16)
(4, 29)
(15, 20)
(27, 6)
(10, 61)
(-27, 8)
(-40, -21)
(-6, -39)
(8, 23)
(17, -62)
(22, 15)
(-2, 23)
(-21, 16)
(23, -4)
(-8, -9)
(-3, -20)
(-16, 25)
(-19, -28)
(66, -19)
(-7, -14)
(37, 0)
(-23, 6)
(-10, 5)
(-7, 20)
(2, 49)
(31, 14)
(-22, -23)
(4, 47)
(8, -29)
(3, -2)
(-3, 2)
(-19, -60)
(-27, -36)
(29, -26)
(-26, 21)
(-32, -9)
(-5, -12)
(9, -46)
(-1, -26)
(22, 7)
(-18, 21)
(10, -19)
(27, 12)
(-26, -39)
(-18, 7)
(40, 31)
(19, -52)
(3, -14)
(21, 8)
(-1, -4)
(27, 38)
(46, 11)
(-17, 4)
(-21, -34)
(-27, 26)
(-29, 20)
(-24, 3)
(-2, 3)
(-21, 30)
(41, -22)
(-10, 19)
(-11, -58)
(11, -10)
(23, -40)
(-6, -9)
(-31, -12)
(-42, -1)
(50, -19)
(39, 58)
(7, -42)
(25, -12)
(-28, 19)
(4, 3)
(0, 19)
(-11, -32)
(24, -27)
(-47, 30)
(8, -3)
(18, 11)
(17, 6)
(-47, 12)
(36, 3)
(-30, -15)
(24, 27)
(14, 17)
(6, -11)
(-15, 14)
(33, -32)
(-13, 48)
(-33, -10)
(26, -5)
(7, -24)
(56, -27)
(-8, 51)
(11, -42)
(35, -2)
(30, 19)
(23, -24)
(14, 31)
(6, 33)
(1, 18)
(-7, 30)
(-25, 12)
(49, 32)
(21, -34)
(-6, 45)
(11, 48)
(2, 17)
(21, 40)
(-3, 0)
(52, 9)
(-7, -8)
(26, 11)
(13, 44)
(0, -1)
(-3, -6)
(11, -6)
(7, 16)
(4, 31)
(35, -22)
(-25, -36)
(13, 24)
(2, -11)
(11, 6)
(-16, -15)
(16, -39)
(-12, 47)
(-13, -24)
(-3, 28)
(22, -17)
(-31, -2)
(25, 26)
(11, -8)
(-19, 2)
(-21, 22)
(33, -12)
(-27, -2)
(35, 14)
(37, -2)
(12, 11)
(17, -22)
(-48, -27)
(2, 15)
(8, -31)
(-9, 20)
(29, -24)
(-21, -26)
(-38, 3)
(25, 28)
(-48, -25)
(-42, -3)
(15, 10)
(-32, 11)
(-16, -39)
(-5, -30)
(39, -10)
(8, -63)
(5, 34)
(19, -22)
(-38, 41)
(14, -25)
(22, 21)
(-10, -21)
(-23, -38)
(8, 1)
(54, 5)
(8, 47)
(-3, -14)
(-6, 1)
(-42, 21)
(-13, 26)
(-11, -30)
(19, -14)
(49, 22)
(-18, 17)
(-26, 3)
(-33, 6)
(28, 5)
(5, -6)
(14, 29)
(39, -6)
(-7, 52)
(-2, -43)
(-16, -13)
(20, -29)
(-23, 18)
(12, 31)
(-1, -14)
(27, 8)
(-33, 16)
(26, 7)
(0, 33)
(-25, 32)
(-30, 7)
(-5, 44)
(-28, 25)
(15, -12)
(-42, -31)
(-41, -12)
(15, 4)
(28, -13)
(20, -35)
(-24, 27)
(-23, 12)
(-22, 1)
(35, 2)
(3, 34)
(31, 4)
(-36, -17)
(-42, -17)
(21, -36)
(-14, 1)
(43, -10)
(-13, 32)
(27, 14)
(-32, 19)
(37, -32)
(-4, -25)
(-20, 25)
(23, 24)
(-31, 20)
(-25, 0)
(27, 32)
(-11, -12)
(4, -35)
(34, -25)
(-38, 15)
(-32, -29)
(-11, -40)
(-14, -35)
(-8, 29)
(-47, -10)
(32, 41)
(-31, 16)
(-10, -17)
(20, 1)
(-16, 15)
(-38, 1)
(-5, 40)
(-28, -9)
(0, -47)
(-30, -7)
(-34, -27)
(44, 29)
(-14, 25)
(-9, 12)
(-22, -7)
(0, -11)
(-28, -1)
(1, 30)
(-19, 48)
(-18, 3)
(-34, -19)
(40, -9)
(-8, 21)
(-37, -18)
(-29, -8)
(16, 27)
(29, 40)
(27, 10)
(-11, 8)
(55, -24)
(49, 16)
(14, -57)
(15, -42)
(4, 45)
(36, 11)
(5, 16)
(-63, -18)
(67, -28)
(-16, -27)
(-1, 32)
(37, -10)
(0, 23)
(3, -18)
(2, -19)
(-42, 37)
(-12, 11)
(-7, 36)
(40, 3)
(-27, -8)
(-12, -1)
(5, 0)
(-3, 18)
(31, 28)
(55, -10)
(10, -45)
(-51, 44)
(-15, 0)
(-12, -21)
(33, -6)
(6, -19)
(-29, -38)
(-26, 27)
(-16, 29)
(-2, 21)
(-3, -16)
(-8, 39)
(19, 4)
(-17, -26)
(11, 4)
(-36, 27)
(22, 29)
(9, 42)
(31, -6)
(-20, 31)
(-14, -15)
(-22, 31)
(-20, 5)
(26, 31)
(9, -26)
(-13, 34)
(-19, 44)
(31, 18)
(-1, 26)
(28, 19)
(35, 48)
(-36, -3)
(3, 16)
(7, 0)
(-26, -11)
(-23, -20)
(30, 11)
(-33, -34)
(30, -7)
(20, -47)
(0, -69)
(-38, -13)
(-19, 0)
(40, -13)
(6, 35)
(-10, 7)
(-30, 25)
(29, 14)
(-18, -25)
(36, 31)
(-32, -11)
(19, 8)
(15, 34)
(1, -30)
(7, -60)
(-8, -33)
(6, 53)
(-17, 66)
(16, -15)
(32, -11)
(49, 10)
(3, 30)
(27, -40)
(-44, 7)
(5, 22)
(-5, -20)
(17, -10)
(-27, 4)
(-24, -23)
(-8, 25)
(21, 24)
(38, 3)
(39, -8)
(35, -24)
(21, 34)
(-8, -31)
(18, -41)
(4, -9)
(32, 45)
(-56, -39)
(-32, 35)
(-11, -46)
(7, 20)
(-33, -16)
(22, -25)
(37, 2)
(17, 20)
(-11, -20)
(-1, -52)
(27, 0)
(14, 15)
(9, 16)
(23, -12)
(21, -46)
(57, -20)
(0, 29)
(-21, 18)
(26, 17)
(-4, 19)
(-2, 27)
(30, 41)
(38, 49)
(63, 28)
(-10, 25)
(-8, 1)
(10, -25)
(4, -37)
(-13, -36)
(35, -26)
(11, -32)
(60, -33)
(-5, 16)
(-15, -20)
(-34, -9)
(5, -10)
(-14, -27)
(21, -14)
(-18, 1)
(3, 0)
(22, -1)
(1, -10)
(30, -5)
(7, 26)
(22, -9)
(15, -50)
(19, -4)
(34, -23)
(26, -15)
(-8, -19)
(43, 2)
(-15, -22)
(-9, -10)
(-25, -24)
(-28, -3)
(24, -25)
(11, 20)
(-15, -38)
(38, 53)
(-28, -29)
(32, 9)
(29, 6)
(-15, -28)
(24, 21)
(-31, 44)
(-2, 9)
(2, -7)
(-15, -30)
(-36, -7)
(0, -23)
(-30, 73)
(17, 30)
(-5, 64)
(-48, -9)
(-10, -1)
(-4, -1)
(-29, 22)
(14, -11)
(-29, -6)
(8, -33)
(8, -15)
(-52, -37)
(57, 26)
(-13, -42)
(-25, -60)
(-17, -22)
(3, 6)
(-20, -37)
(-3, 32)
(46, 1)
(-12, 51)
(-10, 11)
(25, 12)
(-46, -19)
(-29, -24)
(-17, -8)
(38, 19)
(-6, 35)
(-17, -24)
(-6, 29)
(17, -24)
(12, -17)
(-37, 6)
(-19, 8)
(9, -38)
(11, -14)
(-20, -21)
(-24, -5)
(25, -18)
(25, -4)
(23, 54)
(13, 32)
(-20, 7)
(3, -54)
(-35, 12)
(23, -18)
(40, -7)
(6, -25)
(-7, -30)
(-20, 59)
(-17, -64)
(28, -15)
(-16, 7)
(51, 36)
(28, -27)
(-25, -8)
(-23, -34)
(-41, 30)
(7, -4)
(29, 24)
(1, 24)
(18, 3)
(-5, 10)
(-33, 46)
(15, -28)
(5, 6)
(27, 2)
(-20, -17)
(-42, -11)
(26, -39)
(-11, -42)
(-34, -13)
(66, 19)
(23, -8)
(-1, 48)
(-14, 35)
(-2, 51)
(-18, 47)
(31, -26)
(18, -17)
(1, 28)
(33, 14)
(11, -30)
(19, 32)
(-9, 46)
(31, 44)
(-47, -12)
(-14, 57)
(42, 7)
(-46, 15)
(-11, 16)
(24, -13)
(27, -10)
(24, 11)
(-23, 24)
(32, 31)
(22, 17)
(-35, -2)
(51, 18)
(-13, 4)
(36, -3)
(4, -21)
(31, -20)
(-10, 33)
(12, -19)
(19, 20)
(-9, -6)
(-15, -34)
(18, -49)
(0, -35)
(-27, -26)
(-37, -28)
(12, 9)
(35, -14)
(-6, 13)
(81, -22)
(-10, -55)
(-13, 36)
(-18, -7)
(56, 21)
(-35, -8)
(-40, 23)
(39, 22)
(38, -27)
(-43, -10)
(37, 26)
(32, 13)
(27, 34)
(-24, -7)
(-35, -24)
(-27, 14)
(-23, 36)
(26, 43)
(-35, 2)
(28, -29)
(6, 37)
(17, -20)
(-14, -17)
(-40, 19)
(3, -10)
(8, 3)
(22, -21)
(-47, 18)
(-19, -18)
(52, -15)
(7, 6)
(36, -53)
(-1, -2)
(-3, 36)
(11, 16)
(43, 14)
(-41, 24)
(31, -16)
(4, 37)
(4, -43)
(-26, 5)
(-40, -13)
(8, -43)
(4, -11)
(45, 6)
(-4, -23)
(9, 18)
(5, -16)
(-28, -21)
(37, 14)
(-7, 26)
(-4, -43)
(23, 10)
(27, 24)
(-2, -31)
(-37, -72)
(12, -13)
(9, -6)
(-17, 14)
(-15, 48)
(8, 41)
(23, 34)
(-11, -2)
(-33, -4)
(-36, 9)
(-43, -30)
(-36, 25)
(-29, -18)
(22, -3)
(-38, 9)
(-6, 11)
(29, 2)
(-30, -21)
(-12, -5)
(47, 24)
(-29, -40)
(-34, -15)
(-2, 13)
(27, 26)
(4, -39)
(38, 33)
(29, 8)
(39, 2)
(57, 6)
(-11, 0)
(15, 42)
(-12, -11)
(10, 9)
(-25, 8)
(-19, 66)
(-32, -15)
(30, 25)
(-24, -41)
(-1, 20)
(23, 8)
(27, -2)
(3, 12)
(-26, -19)
(13, 0)
(-38, -3)
(-28, 35)
(-23, 54)
(33, 20)
(-16, 13)
(40, 15)
(-8, -21)
(3, 20)
(-13, 6)
(-7, -12)
(2, 33)
(13, -54)
(16, -9)
(39, -16)
(-23, 48)
(-29, -26)
(20, -7)
(43, -20)
(-16, -51)
(22, -41)
(1, -6)
(5, -48)
(-40, 9)
(-14, -25)
(-35, -6)
(-19, -14)
(75, 4)
(13, -10)
(-1, -32)
(-42, -13)
(-1, -40)
(36, 33)
(28, 27)
(-46, -15)
(42, -35)
(-30, 13)
(25, 4)
(-48, -3)
(48, 43)
(-7, 2)
(-15, 52)
(-40, 21)
(31, 22)
(-21, 20)
(-15, 34)
(-51, 24)
(34, 9)
(40, 19)
(-29, 8)
(2, -31)
(-11, 6)
(13, 38)
(36, 15)
(-9, -32)
(1, 10)
(18, 37)
(-42, 39)
(-20, 29)
(-1, -22)
(11, -36)
(-4, 11)
(-31, -4)
(28, 9)
(-1, 34)
(30, 15)
(15, -14)
(-41, -6)
(-17, 10)
(-13, -6)
(43, 16)
(4, 17)
(-37, 54)
(-15, 38)
(-5, -80)
(21, -42)
(-9, -36)
(-35, 14)
(16, 23)
(-6, 19)
(-5, -42)
(-20, -3)
(8, 5)
(-39, -6)
(-1, 50)
(11, 32)
(-8, -35)
(31, -12)
(-16, -3)
(-6, 51)
(-19, 30)
(47, -26)
(47, 10)
(38, -5)
(24, -11)
(-5, 14)
(32, 7)
(17, 28)
(34, -27)
(-5, 36)
(-4, 27)
(10, -1)
(-32, -25)
(13, -62)
(17, -38)
(28, 13)
(37, 6)
(-56, 11)
(30, -11)
(26, -3)
(35, 52)
(19, -18)
(-13, 10)
(-51, 56)
(-5, 30)
(2, 9)
(21, -30)
(44, 1)
(39, 50)
(-14, -43)
(50, 39)
(7, 32)
(2, 5)
(-9, 38)
(-3, 34)
(5, 2)
(-12, -47)
(-57, 8)
(-39, -32)
(8, -51)
(-8, -15)
(41, 22)
(-26, -31)
(7, 50)
(-37, -8)
(38, 59)
(-17, -32)
(5, 50)
(18, -19)
(15, 38)
(16, 37)
(36, 21)
(-11, 38)
(-18, -15)
(34, 53)
(-27, -58)
(-22, -43)
(-43, 8)
(-44, -9)
(-18, -47)
(68, 21)
(-43, 26)
(-38, 13)
(13, 2)
(11, -50)
(-26, -23)
(-35, -12)
(17, -4)
(-43, 20)
(-22, 15)
(46, 13)
(18, -21)
(10, 37)
(-13, 44)
(-43, -40)
(-7, -42)
(-15, 24)
(20, -5)
(36, -29)
(-34, 13)
(-25, -12)
(-14, 23)
(39, 24)
(28, 1)
(-31, -22)
(19, -58)
(-29, -44)
(-23, 28)
(35, 8)
(21, -26)
(-39, -14)
(-11, 32)
(-41, -2)
(-37, -26)
(-2, -57)
(-57, -14)
(32, -35)
(4, 19)
(19, 30)
(-16, 21)
(28, 15)
(19, 58)
(49, 18)
(15, -8)
(36, 13)
(34, 19)
(-7, 48)
(49, -12)
(-18, 23)
(10, -27)
(-21, 24)
(-31, -54)
(21, 36)
(-44, 11)
(28, -9)
(1, 20)
(0, -39)
(-49, 12)
(-8, 41)
(-48, 7)
(13, 42)
(56, 19)
(-20, 37)
(37, 4)
(2, -47)
(-21, 62)
(-43, 12)
(-44, -21)
(17, 4)
(26, -27)
(27, 18)
(-4, 7)
(-26, -47)
(28, -51)
(5, -22)
(-3, -42)
(-57, 4)
(-22, -25)
(-30, 19)
(-35, -46)
(-20, -35)
(-8, 7)
(-47, -42)
(1, 44)
(32, -25)
(18, -37)
(9, 24)
(39, -26)
(-31, 4)
(23, 26)
(-61, 26)
(-16, 1)
(2, -39)
(50, 15)
(-24, 31)
(0, -45)
(-37, -34)
(-42, 47)
(63, -24)
(-28, -7)
(27, 30)
(-22, -39)
(-37, 28)
(-33, -18)
(-37, -2)
(-25, -16)
(-1, -10)
(-13, 16)
(-35, 46)
(-23, 14)
(-13, 14)
(30, 3)
(-6, -25)
(11, -28)
(31, -14)
(-17, 26)
(-4, -33)
(-7, 16)
(-56, 21)
(38, -19)
(27, -22)
(45, 18)
(-24, 33)
(-10, -7)
(51, 52)
(-11, -26)
(-20, 23)
(-33, -36)
(22, 27)
(34, 33)
(-23, -18)
(-23, -28)
(-35, 8)
(20, 11)
(20, 21)
(-41, 16)
(-26, -53)
(-4, 31)
(-5, 18)
(-2, -15)
(2, -37)
(-48, 1)
(-15, -8)
(31, -22)
(26, 13)
(-53, 28)
(-32, -3)
(33, -28)
(1, -24)
(8, 13)
(-8, 45)
(-3, -24)
(-52, -9)
(-23, -36)
(32, -31)
(4, 5)
(-26, -13)
(-18, -19)
(64, -17)
(16, -25)
(-17, 32)
(-10, -13)
(22, -29)
(-16, 55)
(1, -12)
(-6, -21)
(34, -1)
(34, -13)
(-10, 29)
(10, 7)
(26, 37)
(-61, 10)
(14, 5)
(-21, -38)
(2, -41)
(-26, -1)
(21, -28)
(-9, -48)
(1, -14)
(13, 36)
(-57, -6)
(9, 10)
(-20, -27)
(-7, 38)
(36, -11)
(-28, -37)
(-39, -16)
(19, -24)
(-38, 25)
(21, -24)
(-41, 4)
(6, 45)
(35, -16)
(35, 6)
(-26, -35)
(0, 9)
(35, -46)
(12, -9)
(-25, -2)
(-50, 67)
(-16, -25)
(41, 20)
(37, 18)
(-4, 15)
(16, 1)
(15, 8)
(2, -17)
(-81, 14)
(-32, 45)
(-8, 59)
(29, -32)
(-14, 9)
(-8, -5)
(-5, -38)
(-22, 11)
(7, 52)
(11, 0)
(-15, 12)
(41, 16)
(-28, -57)
(43, 8)
(-48, -11)
(-11, -24)
(-30, 5)
(19, 22)
(-28, -27)
(9, -4)
(5, -42)
(-2, -9)
(19, -42)
(34, 11)
(19, 10)
(-17, -20)
(18, 9)
(26, 35)
(-32, -17)
(8, 27)
(-9, -18)
(32, -19)
(-39, 10)
(5, 4)
(2, -33)
(22, -19)
(-17, 34)
(12, -33)
(2, -27)
(41, -6)
(5, -46)
(-3, 14)
(-36, -11)
(-29, -46)
(40, -31)
(24, -1)
(-35, 44)
(-53, -6)
(-59, 34)
(-32, -23)
(26, 33)
(-4, 33)
(75, 0)
(32, -13)
(-41, 34)
(13, -6)
(22, -13)
(30, 9)
(13, 12)
(-17, -4)
(-59, -8)
(17, -2)
(-31, -34)
(-15, 28)
(25, 10)
(45, 26)
(29, -4)
(-33, 40)
(58, -11)
(-7, -16)
(-20, -33)
(13, -48)
(-2, -23)
(4, 33)
(2, 43)
(-39, -8)
(-58, 29)
(-21, -20)
(46, -15)
(-27, -32)
(74, -3)
(-5, 42)
(7, -2)
(23, -22)
(-29, 24)
(-4, -17)
(57, 12)
(48, -19)
(-24, -31)
(1, -18)
(-44, 3)
(-10, -33)
(-35, -20)
(5, -60)
(-35, 42)
(-28, -13)
(18, -7)
(-29, -16)
(18, 53)
(34, 27)
(0, 55)
(-28, -23)
(47, -8)
(-2, 29)
(21, -38)
(38, -43)
(24, 5)
(-52, -15)
(19, 12)
(-14, 11)
(23, 22)
(24, -31)
(6, -39)
(17, 58)
(8, -27)
(-40, -15)
(13, 18)
(-14, -5)
(18, -25)
(10, 25)
(25, 52)
(-23, 34)
(36, 5)
(43, 0)
(11, 26)
(-15, -32)
(32, -41)
(19, 16)
(11, 36)
(13, -14)
(30, -37)
(30, -25)
(45, -26)
(22, 1)
(-3, 22)
(-36, -15)
(39, 44)
(-18, 15)
(38, -9)
(-5, -46)
(34, 7)
(-23, 20)
(-9, -20)
(10, -73)
(5, -30)
(38, 39)
(22, -5)
(-50, 3)
(3, 38)
(-24, 41)
(-19, 46)
(4, 53)
(-9, -46)
(-14, -41)
(66, 7)
(-19, 4)
(-33, 4)
(31, 36)
(-39, 8)
(31, -2)
(-17, 2)
(-25, 24)
(-33, 20)
(10, 15)
(-29, -34)
(-21, 8)
(25, 6)
(-6, -37)
(2, 35)
(36, -35)
(15, 28)
(-34, 21)
(-44, -35)
(43, -16)
(-17, 36)
(-40, 15)
(-37, -40)
(-9, -4)
(-12, 39)
(55, -2)
(-10, 53)
(-15, -46)
(18, 19)
(22, -23)
(52, -11)
(1, 6)
(-22, -15)
(41, -10)
(-31, 46)
(-52, 11)
(-28, -5)
(50, -23)
(-32, 25)
(44, -29)
(-4, 13)
(26, 59)
(-36, -33)
(2, -9)
(-1, 6)
(34, 15)
(33, 12)
(-14, -61)
(26, -49)
(7, -44)
(-40, -11)
(-14, -21)
(17, 46)
(-26, -41)
(27, -6)
(9, 32)
(-23, -46)
(7, 8)
(28, 39)
(-30, -17)
(-15, -40)
(-28, 11)
(24, 43)
(35, 4)
(-8, 43)
(4, 27)
(21, -8)
(-45, -38)
(25, -22)
(-23, -12)
(-12, -17)
(-34, -47)
(17, -12)
(-1, -42)
(1, 42)
(19, 28)
(-36, 1)
(-25, -22)
(-14, -51)
(22, 13)
(-53, 0)
(-30, -31)
(42, 25)
(7, 4)
(-22, -53)
(12, 19)
(-10, 1)
(-15, 36)
(-51, 6)
(-21, -8)
(-31, -28)
(44, 37)
(1, -16)
(-34, -23)
(34, 31)
(1, -58)
(32, 3)
(40, 9)
(20, -45)
(-45, -18)
(-20, 17)
(-45, 14)
(-26, 23)
(16, 17)
(-48, 45)
(30, 21)
(34, -5)
(18, -33)
(14, 27)
(-17, -58)
(-48, -5)
(11, -40)
(-35, 28)
(42, -33)
(12, -41)
(26, -25)
(20, 3)
(0, 35)
(-27, -10)
(-66, -9)
(-18, 29)
(-1, 30)
(23, 20)
(53, 18)
(12, 43)
(-53, 8)
(-34, 25)
(16, -29)
(-23, 8)
(35, 0)
(64, 13)
(7, -16)
(16, -23)
(52, -71)
(3, -38)
(-40, 35)
(54, -33)
(-46, 5)
(-24, 5)
(-10, 75)
(-37, 24)
(-38, 43)
(14, 7)
(-16, -53)
(15, 46)
(8, -25)
(-18, -3)
(6, 13)
(-30, -3)
(-8, -1)
(20, 19)
(-41, 0)
(-3, 56)
(-46, -21)
(-8, 27)
(-7, -52)
(-24, -29)
(-72, 13)
(-20, 13)
(2, -29)
(4, 35)
(8, -65)
(-29, 26)
(-10, 39)
(-3, -40)
(41, 38)
(-59, 46)
(-25, -32)
(-47, -28)
(-13, -44)
(-5, -40)
(44, 11)
(-76, -43)
(-19, 36)
(25, -66)
(34, 13)
(52, -9)
(-2, 55)
(42, 39)
(-41, -22)
(43, 18)
(-2, 41)
(24, 33)
(-15, -12)
(18, -11)
(-31, -6)
(37, 60)
(-37, -20)
(19, -28)
(-35, 6)
(-34, 17)
(22, -37)
(11, 38)
(-19, -62)
(-47, -6)
(47, 4)
(-15, -10)
(-20, -41)
(45, 48)
(39, 16)
(42, 47)
(-46, 49)
(35, 24)
(31, 12)
(11, 54)
(20, -39)
(-25, -28)
(-13, -26)
(-20, 19)
(-31, 6)
(9, -44)
(1, -32)
(-5, 46)
(-5, 26)
(26, -7)
(-35, 16)
(36, 27)
(-4, -5)
(-36, 15)
(16, 7)
(-16, -41)
(-36, 41)
(-40, 25)
(15, 30)
(-28, 37)
(6, -49)
(-18, -9)
(-44, 31)
(-30, -43)
(-35, -40)
(8, 21)
(12, -11)
(41, 12)
(-63, 30)
(17, -40)
(41, 14)
(1, 40)
(42, 3)
(-47, 2)
(-41, 12)
(-23, -4)
(-8, 33)
(-42, -37)
(-3, -46)
(0, 41)
(-7, -32)
(38, -13)
(29, -6)
(-38, -9)
(28, -21)
(-16, -37)
(39, -36)
(33, 40)
(24, 1)
(-19, -38)
(0, -33)
(-4, -19)
(-26, 7)
(15, 22)
(-4, -47)
(12, -5)
(-26, -17)
(15, -24)
(-10, -31)
(-2, -49)
(44, 17)
(51, 2)
(16, -13)
(-11, 46)
(-41, 26)
(-2, -13)
(-32, 21)
(-26, 31)
(-26, 37)
(32, -33)
(25, -24)
(57, -18)
(-41, -24)
(33, 16)
(7, 36)
(6, 19)
(29, -8)
(-35, -18)
(-39, -34)
(23, -14)
(14, -43)
(25, -34)
(-34, -21)
(55, 16)
(-11, 2)
(21, -32)
(10, 33)
(-19, -26)
(-4, 59)
(48, 65)
(-47, 34)
(4, -19)
(27, 48)
(-6, -49)
(-3, -22)
(33, 38)
(-1, 64)
(-6, 7)
(35, 12)
(-41, 38)
(-53, 12)
(-83, 10)
(-21, -24)
(-16, -33)
(63, -12)
(1, 62)
(-43, -28)
(14, -35)
(2, 55)
(-45, -14)
(-31, 28)
(-27, 28)
(-5, -26)
(6, -3)
(10, -37)
(-38, -27)
(-25, 62)
(29, -16)
(-14, 15)
(2, -49)
(-31, 32)
(-3, -64)
(-44, -39)
(10, -9)
(-45, -36)
(-10, -49)
(31, -34)
(54, 1)
(-17, 22)
(-47, 20)
(9, 46)
(31, 32)
(-10, 47)
(17, 36)
(26, -1)
(53, 8)
(-9, 18)
(-4, -29)
(28, 33)
(-26, 43)
(53, -20)
(6, -23)
(26, -35)
(38, -37)
(11, 40)
(62, 15)
(-3, -32)
(-48, 13)
(18, -15)
(-71, -18)
(60, -35)
(40, 25)
(-1, 42)
(36, 7)
(10, -59)
(15, 24)
(16, -21)
(29, 30)
(40, -19)
(22, 63)
(9, -30)
(-8, -27)
(6, -67)
(-1, -24)
(-19, -30)
(15, -26)
(-42, -25)
(-9, -34)
(13, -66)
(14, 33)
(27, -20)
(-61, -18)
(0, 45)
(47, -22)
(1, 34)
(-7, -24)
(-10, 37)
(-35, -32)
(34, 39)
(-3, 12)
(-3, -18)
(21, -12)
(-34, -51)
(-15, 60)
(-60, 3)
(-34, -5)
(-32, -31)
(-12, -7)
(20, -15)
(18, -45)
(21, 46)
(-64, 25)
(65, -10)
(-17, -42)
(-64, 23)
(-45, 4)
(-13, 28)
(35, -12)
(9, 34)
(23, 2)
(42, -3)
(32, -9)
(58, 37)
(-26, 9)
(-12, 21)
(-48, 57)
(-55, 6)
(26, 23)
(41, 0)
(1, 54)
(-1, -34)
(-7, -6)
(16, 35)
(13, -44)
(-12, -13)
(7, -64)
(52, -43)
(32, 19)
(46, -9)
(-6, 27)
(28, 47)
(31, 16)
(-29, -20)
(-15, -2)
(-48, 27)
(48, 19)
(-22, 5)
(23, -34)
(14, -33)
(37, -44)
(-36, 37)
(9, -32)
(-61, -10)
(-5, -24)
(-9, 16)
(5, 36)
(10, -29)
(-13, -38)
(-41, 36)
(-9, 4)
(4, 41)
(52, -7)
(-55, -20)
(-34, -33)
(18, -39)
(15, 32)
(-42, 31)
(7, 42)
(-18, 27)
(5, -18)
(-38, -15)
(26, 47)
(-24, -3)
(26, 51)
(-27, -6)
(30, 39)
(13, -20)
(38, -1)
(-23, -2)
(-30, 41)
(3, -42)
(29, 48)
(-15, 64)
(-25, -10)
(36, -9)
(11, -22)
(12, 37)
(1, 32)
(19, -50)
(-25, 6)
(21, 16)
(-22, 9)
(-68, 3)
(-32, -33)
(-55, 0)
(25, 60)
(-40, 33)
(32, 33)
(-25, -26)
(32, -39)
(42, -7)
(-19, 14)
(-8, 15)
(7, -40)
(-12, -37)
(73, 4)
(-21, 64)
(-32, 27)
(34, 3)
(-31, -10)
(26, -17)
(-63, -14)
(23, -48)
(47, -28)
(31, -4)
(25, -60)
(-20, 3)
(-47, 28)
(-6, -31)
(-36, -29)
(-18, 45)
(-35, 18)
(9, 40)
(-23, 30)
(47, 2)
(-22, 19)
(-28, 15)
(2, 45)
(-42, 9)
(10, -41)
(-15, 40)
(9, 20)
(-45, -10)
(-71, 0)
(-39, -18)
(-25, -34)
(-24, -21)
(-20, -19)
(30, -33)
(-12, 29)
(29, -10)
(-9, 28)
(-7, -28)
(-7, -18)
(47, -2)
(-37, -50)
(24, 45)
(-48, 39)
(-36, -19)
(2, 47)
(-22, -31)
(-3, 50)
(-44, -17)
(15, 26)
(-61, -40)
(-50, -21)
(41, -20)
(34, 25)
(35, 56)
(-23, -16)
(9, 58)
(-62, -3)
(31, -28)
(25, -56)
(39, -28)
(-14, -69)
(3, 46)
(-39, -28)
(10, -43)
(19, -32)
(49, -30)
(-15, 26)
(-21, 0)
(55, 44)
(43, 56)
(-4, 39)
(16, 29)
(-33, -30)
(-45, -4)
(24, 17)
(27, -8)
(35, -8)
(10, 31)
(-13, 22)
(18, -63)
(-14, 33)
(23, -44)
(24, 49)
(-37, 42)
(-3, -30)
(35, -10)
(-25, -14)
(20, 25)
(-5, -50)
(29, 44)
(58, -27)
(6, 43)
(40, -11)
(-38, -33)
(-54, 53)
(21, -16)
(24, -43)
(31, -42)
(1, 70)
(-51, 22)
(-35, -10)
(-4, 37)
(14, 49)
(-21, 44)
(-45, 6)
(26, 9)
(-71, -10)
(-27, -28)
(-19, -24)
(-46, -25)
(18, 49)
(-17, 30)
(2, 51)
(17, 26)
(11, 18)
(20, -59)
(-30, -1)
(12, -53)
(-11, 36)
(13, 8)
(-14, 45)
(16, -41)
(-38, 19)
(37, -40)
(-44, 25)
(-24, -33)
(45, -18)
(40, -27)
(-10, -45)
(47, 6)
(-25, 4)
(-49, 24)
(-11, -100)
(9, 44)
(28, -39)
(16, -31)
(36, -19)
(12, 25)
(-37, 16)
(0, -27)
(54, 9)
(-18, -45)
(-17, 28)
(22, 19)
(-7, 50)
(33, -40)
(-24, -51)
(21, 0)
(45, 20)
(30, 1)
(-28, 17)
(-26, -9)
(-42, 17)
(-5, -52)
(-2, 33)
(14, -41)
(-16, 27)
(8, 37)
(-20, -47)
(5, -50)
(-22, -59)
(-24, 11)
(50, 13)
(16, 15)
(-31, 18)
(36, -39)
(-10, 51)
(-37, -14)
(27, -46)
(-4, 25)
(34, -17)
(42, -21)
(-22, -11)
(13, 46)
(-31, 24)
(-61, 6)
(25, 2)
(-35, -26)
(2, 91)
(-53, 2)
(25, -6)
(17, 50)
(5, -38)
(41, 30)
(41, -8)
(-65, 6)
(-44, -41)
(-5, -44)
(-52, -53)
(-19, 42)
(-30, -13)
(20, -27)
(37, 10)
(-38, 37)
(48, 13)
(-59, -24)
(38, 29)
(32, 5)
(-50, 27)
(-4, 43)
(17, 44)
(-34, -11)
(20, 29)
(4, -55)
(33, 52)
(-48, -35)
(6, 25)
(22, -45)
(-19, 28)
(-49, -12)
(-14, 37)
(45, 42)
(29, -38)
(22, 51)
(13, -28)
(29, -20)
(32, 49)
(-47, -46)
(63, 12)
(40, -3)
(-18, 59)
(18, -5)
(-33, -12)
(-8, -37)
(19, 18)
(15, 12)
(-21, 32)
(-33, -6)
(14, -29)
(44, 5)
(-46, 7)
(-36, -43)
(-44, 13)
(-7, -66)
(37, -36)
(-22, -9)
(-2, -35)
(-15, -14)
(-8, -23)
(-3, -36)
(-40, -17)
(-49, -28)
(3, -48)
(58, -7)
(-32, 5)
(-51, -12)
(-22, -27)
(46, -47)
(-42, -9)
(-15, 4)
(26, 19)
(42, 1)
(22, 33)
(-34, 39)
(-6, -33)
(17, -56)
(-15, -42)
(-37, 26)
(66, 1)
(28, 41)
(27, 40)
(15, 50)
(-22, -19)
(-28, 53)
(35, -54)
(-47, -30)
(-13, 56)
(-17, -48)
(-39, -4)
(-27, -46)
(3, 54)
(42, -1)
(42, 23)
(3, 28)
(29, 16)
(-51, -22)
(-14, 61)
(-26, -51)
(30, -45)
(33, 32)
(-8, 47)
(32, 11)
(-37, 20)
(1, 46)
(40, 17)
(-59, 24)
(52, -27)
(49, 26)
(8, 55)
(7, -36)
(3, -34)
(-30, 29)
(-43, 16)
(-22, 21)
(40, 65)
(-6, 53)
(-38, -19)
(18, -31)
(51, 12)
(4, 39)
(-14, -37)
(32, -43)
(3, -40)
(51, -54)
(18, -27)
(38, -23)
(10, 19)
(-43, -6)
(-7, 4)
(44, 27)
(-22, 7)
(-33, 18)
(7, -18)
(-42, -21)
(9, 26)
(1, 38)
(-30, -45)
(34, 23)
(-21, -32)
(-45, 0)
(-2, -21)
(-17, 52)
(30, 63)
(-49, 0)
(24, 9)
(-16, -43)
(23, -52)
(23, -42)
(-37, -12)
(5, -40)
(22, 57)
(54, 13)
(-48, 9)
(-58, -33)
(-55, -8)
(9, 62)
(-54, 15)
(35, 40)
(0, 25)
(19, -30)
(31, 8)
(-26, 47)
(46, 31)
(-3, 38)
(2, 27)
(-42, 29)
(30, 7)
(-41, -14)
(40, -1)
(13, 22)
(14, -45)
(40, 37)
(-15, 58)
(38, 7)
(7, -54)
(50, -11)
(8, 17)
(33, -22)
(-66, -13)
(21, -2)
(-39, 18)
(37, 22)
(28, 45)
(-12, -39)
(-43, 6)
(35, -30)
(-41, -26)
(17, 22)
(37, -4)
(-7, 34)
(-33, 26)
(-21, 48)
(-46, -9)
(-49, -14)
(56, 9)
(-38, 17)
(-12, 3)
(-28, -25)
(-59, 28)
(-9, -38)
(24, 39)
(-4, -21)
(21, 52)
(-31, 30)
(2, 41)
(-25, -48)
(-67, 40)
(55, 10)
(-27, -42)
(23, -30)
(27, -28)
(-10, 45)
(4, -31)
(-27, -70)
(57, -10)
(-26, 11)
(-36, -1)
(41, 36)
(-27, -20)
(-21, -22)
(42, -15)
(28, 7)
(15, -16)
(52, 17)
(19, -26)
(31, 60)
(15, 48)
(42, 27)
(-27, -34)
(69, 50)
(-29, 46)
(-40, 11)
(45, 2)
(-56, -17)
(42, 77)
(6, -41)
(-26, -33)
(-44, -11)
(19, 6)
(-16, 43)
(0, 37)
(-9, -28)
(-10, -25)
(35, -28)
(-25, 28)
(-43, -12)
(-26, 33)
(-12, 49)
(45, -6)
(33, 30)
(-36, -31)
(-31, -32)
(-54, -19)
(11, -46)
(-3, 58)
(23, 4)
(-5, -70)
(16, -27)
(34, 21)
(-30, -33)
(15, -34)
(-22, -35)
(-36, 43)
(-49, -2)
(43, -54)
(-28, -49)
(39, -30)
(45, 0)
(15, 44)
(-39, -48)
(43, 24)
(-35, -80)
(-34, 29)
(-9, 36)
(29, -46)
(-40, 49)
(-26, -45)
(-54, -5)
(9, -10)
(-10, 35)
(-17, 42)
(20, -13)
(-6, 59)
(40, 35)
(40, 27)
(-64, -35)
(54, 69)
(36, 47)
(-14, -29)
(55, -8)
(7, -34)
(21, 54)
(-2, 65)
(12, -51)
(-18, -37)
(-16, 33)
(-34, 5)
(-61, -16)
(60, -5)
(-9, 44)
(-12, -35)
(-54, -13)
(6, -27)
(53, -4)
(11, -38)
(23, -26)
(36, -21)
(13, -70)
(-11, -14)
(-3, 24)
(18, 41)
(-42, 45)
(35, 26)
(13, -50)
(36, 23)
(30, -21)
(15, 66)
(24, -39)
(-10, -39)
(-1, -50)
(-53, -20)
(-10, 31)
(-39, 40)
(19, 48)
(-43, 18)
(38, -11)
(13, -32)
(-53, -8)
(26, -13)
(0, -31)
(52, -23)
(-27, -14)
(51, -14)
(-57, -44)
(-47, -14)
(-44, -15)
(-51, 8)
(9, -48)
(36, 37)
(46, -19)
(2, 1)
(5, 74)
(17, 24)
(-30, 17)
(15, -72)
(-9, -22)
(-57, 28)
(-14, -39)
(15, -40)
(17, -30)
(39, 46)
(40, 39)
(9, -36)
(50, 1)
(30, -63)
(28, -41)
(50, 17)
(20, 7)
(-62, -11)
(12, -35)
(44, 3)
(10, 29)
(-34, 27)
(-44, 1)
(-27, -40)
(11, -24)
(-6, -29)
(-13, -40)
(66, 5)
(-75, 8)
(27, -32)
(-46, -17)
(28, 59)
(33, -18)
(-10, -61)
(6, -35)
(52, 51)
(-36, -5)
(-37, -22)
(51, 26)
(24, -17)
(-19, 34)
(45, 10)
(-22, -51)
(-29, 2)
(-13, -30)
(-9, 54)
(-32, -19)
(7, 30)
(44, -13)
(43, 12)
(-2, -11)
(30, -3)
(-19, 70)
(-35, 24)
(-26, -27)
(-21, 42)
(2, -43)
(-31, -16)
(-3, -68)
(-16, 39)
(-3, 48)
(32, 17)
(-5, -4)
(-58, -9)
(35, -6)
(-21, -48)
(4, -33)
(-60, -29)
(-22, -49)
(-28, 31)
(3, 52)
(-21, 26)
(14, 57)
(37, 46)
(-30, 35)
(12, -37)
(40, -33)
(-25, -20)
(-18, 35)
(-41, -30)
(33, 6)
(-48, -17)
(-18, -35)
(-12, 43)
(-11, 44)
(24, 7)
(-16, -29)
(34, -3)
(33, 26)
(-27, 16)
(38, 21)
(21, 48)
(12, 61)
(-52, 15)
(29, 10)
(32, -47)
(31, -18)
(-44, -1)
(-28, -71)
(28, -19)
(30, -41)
(33, 34)
(-54, 3)
(-45, -28)
(-19, 52)
(5, -26)
(-23, 40)
(49, -52)
(48, 7)
(28, 37)
(54, -19)
(-53, -28)
(11, 52)
(31, -44)
(-22, 47)
(-51, 36)
(-11, -36)
(20, 55)
(15, -44)
(-72, -7)
(25, 24)
(45, -20)
(41, -30)
(-36, -21)
(-31, 22)
(49, 14)
(28, 11)
(-36, 5)
(29, -44)
(39, 42)
(56, 63)
(15, -6)
(-59, 10)
(-47, -20)
(-19, 56)
(5, -56)
(-29, -2)
(23, 38)
(-62, 15)
(-75, -2)
(33, 4)
(45, -12)
(-8, -29)
(-12, 19)
(-21, -12)
(50, 9)
(-14, 7)
(7, 56)
(-32, 15)
(23, -28)
(51, 38)
(1, 36)
(-1, -38)
(-31, 14)
(-9, 40)
(-4, -49)
(27, -34)
(6, 63)
(39, -46)
(-20, 49)
(26, -33)
(37, -16)
(17, -50)
(41, 24)
(46, -7)
(-21, 54)
(-33, -28)
(-59, 30)
(-39, 48)
(-38, -11)
(-54, -29)
(38, 35)
(15, 40)
(-27, -16)
(24, 19)
(19, 46)
(-36, -9)
(35, 22)
(-27, -12)
(51, -2)
(25, -26)
(32, -49)
(-43, -26)
(-25, -30)
(-26, -21)
(-33, -60)
(-10, 23)
(46, -23)
(-38, 35)
(-14, 43)
(-77, 34)
(-21, 10)
(19, -56)
(-5, 32)
(-36, 11)
(-20, -39)
(42, -29)
(-48, -19)
(25, -36)
(26, -31)
(-49, -34)
(14, -27)
(33, -38)
(43, 4)
(55, -26)
(26, 27)
(4, -49)
(-4, -35)
(-41, -32)
(-38, 27)
(-53, -24)
(24, 13)
(-43, 0)
(27, -54)
(-10, -41)
(-9, -54)
(-1, 44)
(40, -25)
(20, -51)
(-27, 10)
(12, -39)
(-55, 4)
(-30, -25)
(-56, -13)
(81, -4)
(16, -5)
(52, 1)
(-19, 38)
(-22, 49)
(-46, -13)
(-20, 43)
(49, -26)
(23, -62)
(-43, 2)
(-44, 33)
(59, -18)
(45, 46)
(-7, -36)
(-23, -32)
(-54, -7)
(29, -34)
(-11, -54)
(38, 23)
(3, -36)
(25, 14)
(40, 11)
(30, 43)
(59, -6)
(-43, 40)
(-7, 46)
(-22, -33)
(-20, -13)
(28, 25)
(41, -28)
(31, 38)
(-22, 69)
(-3, -44)
(29, 4)
(-56, -7)
(9, -40)
(44, 13)
(53, 10)
(12, -49)
(45, 62)
(-13, -50)
(-40, -19)
(23, 30)
(34, 29)
(71, 40)
(-24, 55)
(-30, 3)
(56, -5)
(6, -79)
(-30, -35)
(-30, -49)
(-12, -41)
(16, -47)
(46, 35)
(-28, -35)
(67, 32)
(-25, -18)
(-72, -21)
(-60, -1)
(22, 41)
(31, -10)
(33, -48)
(41, -32)
(20, 35)
(-35, 20)
(43, -2)
(40, -35)
(-27, 48)
(40, 5)
(19, -54)
(-12, -27)
(-34, 35)
(60, -1)
(-66, -7)
(63, -52)
(-29, 42)
(-54, -37)
(24, 35)
(-68, 33)
(54, 25)
(28, 53)
(-20, 35)
(20, 43)
(45, -24)
(61, -4)
(43, -32)
(-1, 62)
(59, -12)
(70, -9)
(17, -54)
(70, 13)
(-13, -46)
(-41, -28)
(7, -52)
(-34, -25)
(-25, 18)
(-28, 1)
(37, 8)
(-6, -59)
(-19, 32)
(-19, 50)
(27, -12)
(-38, -25)
(-67, -16)
(40, 21)
(25, -44)
(24, -47)
(7, 48)
(23, 40)
(22, 11)
(28, 49)
(38, -25)
(-24, 57)
(-17, -28)
(-39, 32)
(7, 44)
(30, -53)
(-40, 39)
(-25, -56)
(-50, 5)
(-29, 0)
(3, 58)
(-64, -7)
(51, -12)
(-38, 23)
(-36, 13)
(45, -62)
(35, 36)
(33, 18)
(-37, 8)
(-18, -29)
(-26, 35)
(60, -11)
(6, 41)
(70, 17)
(28, 55)
(-19, -36)
(37, 30)
(19, 40)
(56, 11)
(-61, -30)
(-10, -47)
(57, 8)
(-36, -37)
(-62, 23)
(19, -34)
(13, 30)
(-21, 46)
(38, -39)
(34, 17)
(11, -34)
(-33, 50)
(-40, -25)
(-51, 0)
(-51, -8)
(54, 23)
(-1, -46)
(49, 0)
(45, 32)
(-46, 35)
(40, 41)
(-36, -39)
(-46, -3)
(8, -41)
(43, 28)
(-66, -33)
(43, -24)
(-50, -7)
(-28, 27)
(9, 48)
(-21, 50)
(51, 4)
(58, -39)
(-58, -3)
(-44, 19)
(-42, -27)
(-56, 33)
(-53, 6)
(13, -18)
(42, 9)
(35, 32)
(-56, 3)
(41, -4)
(-11, -44)
(25, -8)
(-2, -39)
(-6, -35)
(22, -43)
(-8, -43)
(-52, 9)
(39, -14)
(-35, 62)
(25, 22)
(-37, 18)
(67, 6)
(38, -7)
(5, 46)
(3, -46)
(6, -45)
(39, -38)
(4, 51)
(-48, 35)
(-20, -45)
(31, -24)
(-49, 36)
(-16, -55)
(-40, 7)
(-31, 50)
(44, 35)
(-9, 50)
(37, -12)
(-31, -26)
(47, 26)
(-19, 40)
(-42, 25)
(-10, 57)
(-51, 14)
(21, 50)
(47, -6)
(8, -61)
(-34, 15)
(-22, -21)
(-16, -45)
(-39, -12)
(-12, -69)
(-33, -8)
(52, -1)
(-14, -57)
(-48, -23)
(-7, 22)
(30, -13)
(-58, -15)
(-51, -2)
(-2, -37)
(22, -35)
(48, -41)
(7, -50)
(25, 32)
(-4, 47)
(-50, -5)
(17, -44)
(46, 15)
(-50, 7)
(-15, 30)
(53, 36)
(73, -2)
(64, 3)
(82, 17)
(-50, -27)
(-32, 37)
(-8, -45)
(30, 5)
(-43, -4)
(-27, 30)
(-51, 26)
(-31, 38)
(46, -11)
(10, -47)
(17, -60)
(36, 35)
(41, 8)
(-21, -40)
(11, 44)
(-18, -61)
(-26, -55)
(47, -4)
(-36, 17)
(28, -23)
(-24, -39)
(-12, -31)
(44, -9)
(4, -47)
(-22, 79)
(-57, 30)
(12, 49)
(21, -48)
(18, -29)
(30, -39)
(21, -40)
(44, 19)
(57, -26)
(-13, -34)
(-46, -29)
(-33, 24)
(19, 38)
(-37, -54)
(34, -33)
(-4, 67)
(56, -1)
(42, -19)
(48, 1)
(-44, -37)
(17, -42)
(-9, -40)
(12, 33)
(-62, -53)
(-12, 67)
(-2, -47)
(30, -47)
(7, 28)
(22, -57)
(-6, -23)
(-45, 16)
(-67, 0)
(-20, 41)
(35, 50)
(34, 41)
(-27, -30)
(-29, 16)
(-60, -3)
(-11, 62)
(-50, -39)
(30, -31)
(42, -5)
(-49, -24)
(54, 7)
(-3, 42)
(-4, 49)
(7, -70)
(29, 22)
(43, 20)
(43, -4)
(-17, -62)
(33, 10)
(43, -40)
(41, -26)
(25, -40)
(4, -41)
(28, -49)
(1, -48)
(-51, -18)
(-24, 43)
(-18, -33)
(51, -6)
(6, -55)
(12, -47)
(-40, -27)
(35, 20)
(21, 38)
(16, -43)
(50, 43)
(23, 68)
(-17, 38)
(33, -4)
(-18, -41)
(23, -32)
(-4, 41)
(-11, 42)
(32, 23)
(-12, 53)
(59, 54)
(-22, 39)
(-31, -18)
(-62, 9)
(-63, -10)
(-2, -55)
(-5, -36)
(-52, -5)
(-94, -17)
(0, -51)
(-18, -51)
(15, -22)
(-29, 18)
(-10, -43)
(-46, 21)
(-7, 70)
(18, -43)
(-5, 62)
(11, -44)
(-43, -38)
(-34, -31)
(-46, 41)
(-21, 38)
(39, -32)
(68, 31)
(28, -57)
(-45, 10)
(29, 46)
(5, 52)
(24, -59)
(51, 8)
(44, -21)
(58, 45)
(-9, -30)
(13, 40)
(47, -38)
(23, 62)
(-6, -43)
(68, -29)
(25, 44)
(4, -57)
(-17, 40)
(26, 61)
(16, 61)
(16, 33)
(-58, 23)
(12, -45)
(22, -33)
(-75, -16)
(43, 32)
(-57, 20)
(-2, 47)
(40, 1)
(30, -27)
(24, 29)
(8, -49)
(-41, 14)
(-44, -23)
(43, -28)
(33, -36)
(-9, -50)
(-16, 61)
(34, -19)
(33, -14)
(14, -39)
(13, 52)
(-18, 33)
(25, -38)
(-31, -24)
(9, 56)
(-33, 28)
(-38, 5)
(7, 38)
(48, -9)
(-35, 34)
(62, -23)
(-25, -44)
(32, 55)
(-33, -40)
(-4, 71)
(29, -30)
(47, -30)
(-52, 13)
(34, 35)
(-61, 44)
(-33, -24)
(-46, 13)
(16, -57)
(-16, 31)
(-89, 4)
(-19, -66)
(-40, -35)
(-44, 21)
(37, 20)
(49, -18)
(-26, 29)
(-14, 39)
(-51, -24)
(-48, -37)
(-36, -35)
(79, 36)
(-65, 0)
(55, -12)
(30, -23)
(27, 42)
(46, 3)
(-42, 5)
(37, 24)
(-52, 17)
(2, 63)
(-27, -50)
(47, -16)
(-21, 2)
(-32, -39)
(47, -20)
(31, 40)
(24, -41)
(-27, -24)
(-13, -52)
(-50, 25)
(36, 55)
(60, -21)
(-13, 50)
(-28, 47)
(40, -41)
(51, 6)
(-40, -45)
(43, 36)
(-49, 14)
(-43, -8)
(51, -8)
(-33, -46)
(-11, 50)
(25, 38)
(-59, 16)
(-21, -50)
(-23, 50)
(-45, 2)
(32, -5)
(59, 10)
(33, 2)
(1, -36)
(-36, 49)
(43, -8)
(-46, 11)
(30, 45)
(-44, 37)
(-21, 40)
(2, 39)
(4, 59)
(-39, -42)
(29, 32)
(-28, 39)
(-36, 57)
(-18, -31)
(-43, 10)
(52, 5)
(-32, -21)
(17, -32)
(-29, -28)
(37, 34)
(-25, -50)
(-23, -54)
(25, 18)
(-48, 19)
(-9, 32)
(46, 5)
(-53, -34)
(56, 17)
(0, -55)
(30, -17)
(-49, 30)
(-40, -23)
(-18, -57)
(-16, -47)
(49, -10)
(35, 28)
(61, -24)
(-29, 30)
(-33, 10)
(19, 44)
(54, 19)
(-45, 20)
(-34, 31)
(-39, -22)
(-57, -10)
(30, -29)
(-8, 31)
(32, 37)
(-40, 43)
(-15, 42)
(52, 25)
(-55, 28)
(-13, -60)
(-22, -69)
(50, 23)
(31, 26)
(-46, -1)
(-19, -44)
(25, -42)
(17, 42)
(22, 23)
(-54, 9)
(-51, 12)
(-50, -25)
(-21, -28)
(-2, -89)
(-40, -9)
(-46, -31)
(28, 35)
(-55, -6)
(-43, 4)
(-35, -14)
(-49, 2)
(17, -34)
(31, -32)
(-45, -20)
(-24, -17)
(-16, 47)
(-6, 43)
(-62, -1)
(7, 54)
(-11, 52)
(-27, -38)
(49, -20)
(-21, -62)
(-33, -48)
(49, -38)
(5, -44)
(54, -3)
(-70, 23)
(-39, 26)
(46, -3)
(46, 19)
(-39, 46)
(66, 25)
(28, -17)
(19, 26)
(8, 63)
(36, -5)
(-18, -43)
(-40, -67)
(39, 52)
(42, -37)
(-44, 29)
(49, 36)
(50, -7)
(60, 7)
(-27, -4)
(-57, -12)
(-30, 39)
(-38, 7)
(-46, 45)
(45, 4)
(27, -42)
(64, 31)
(41, -12)
(-12, -43)
(14, 41)
(57, -30)
(53, -10)
(27, -30)
(37, -6)
(-25, 50)
(39, -66)
(33, 50)
(34, -45)
(40, -5)
(-59, -22)
(-53, -14)
(-10, -67)
(17, -48)
(48, -33)
(-34, 53)
(-17, 12)
(-39, 54)
(-59, 12)
(-49, -10)
(38, 41)
(10, 39)
(53, -8)
(-24, -19)
(50, 33)
(2, -45)
(-2, 39)
(-54, -9)
(32, -27)
(-30, -23)
(33, -26)
(-47, -8)
(-39, -44)
(38, -15)
(37, 40)
(48, -1)
(-73, -44)
(30, 33)
(34, 47)
(38, -31)
(-25, 60)
(75, -20)
(-65, 22)
(32, 15)
(-23, -22)
(25, 40)
(40, 13)
(52, 11)
(-46, 3)
(-26, 51)
(48, -53)
(39, -42)
(0, -43)
(-20, -57)
(27, 50)
(-13, 40)
(9, 36)
(20, 41)
(37, 36)
(-42, -43)
(-48, -21)
(3, 42)
(31, 42)
(32, -21)
(55, -14)
(61, 20)
(3, 44)
(-52, -23)
(-24, 9)
(49, 30)
(-15, -48)
(-36, 35)
(-54, 43)
(55, 12)
(37, -46)
(-2, -63)
(39, 10)
(31, -30)
(-19, -64)
(-68, -9)
(59, -22)
(-29, 12)
(-7, -50)
(43, -34)
(19, -36)
(-43, 34)
(-26, -25)
(51, 16)
(-8, -53)
(57, 10)
(-24, -37)
(-46, -37)
(-14, -49)
(31, 10)
(-63, 2)
(14, 47)
(46, 25)
(-64, -9)
(-45, 18)
(14, 43)
(-23, 26)
(14, 55)
(-44, -5)
(5, -32)
(47, 20)
(41, 4)
(23, -54)
(-39, -46)
(8, -69)
(-37, -30)
(29, -66)
(-34, -35)
(-4, 45)
(30, -35)
(-37, 22)
(-13, 66)
(-41, 58)
(33, -30)
(-7, -56)
(21, -50)
(48, -17)
(23, 44)
(-20, 45)
(-45, 26)
(0, -49)
(22, -55)
(-28, -41)
(31, 48)
(-13, 46)
(52, 3)
(12, 39)
(24, 51)
(43, -6)
(-29, 36)
(38, -51)
(-39, 30)
(36, -13)
(-27, 36)
(-41, 42)
(-23, -48)
(68, -5)
(-50, -11)
(34, 59)
(15, -58)
(-70, -17)
(94, 3)
(17, -28)
(24, -55)
(-63, 38)
(-59, 40)
(6, 55)
(-6, -47)
(54, 27)
(45, -4)
(28, -53)
(-9, 34)
(41, -2)
(-31, -56)
(13, -38)
(-18, 51)
(53, -2)
(58, 1)
(-37, -4)
(61, -26)
(26, 49)
(-46, -49)
(38, 25)
(41, 18)
(17, 64)
(54, -7)
(-60, 33)
(54, -45)
(42, -25)
(20, 47)
(-40, -33)
(18, 47)
(29, -36)
(-9, 26)
(-17, -76)
(-40, 29)
(0, 39)
(65, 20)
(-43, 36)
(36, 51)
(-29, -22)
(48, -27)
(29, -62)
(-24, -45)
(-36, 45)
(-38, -7)
(59, -32)
(-30, -27)
(-56, 7)
(32, 35)
(-35, 48)
(-15, 56)
(10, -71)
(-28, 41)
(-50, -1)
(-47, 6)
(-29, 38)
(38, 27)
(-39, 20)
(15, -56)
(43, 6)
(-22, 41)
(-26, -67)
(18, 43)
(-15, 76)
(-46, 23)
(-36, 39)
(12, -55)
(-54, -15)
(-21, 34)
(12, 57)
(37, 28)
(61, -30)
(57, 2)
(36, -31)
(-60, -13)
(24, 37)
(73, 6)
(-22, 25)
(6, -53)
(-43, 22)
(-36, 21)
(5, 38)
(-23, 42)
(2, -53)
(-8, -57)
(49, 2)
(41, -56)
(-57, 68)
(37, 12)
(-18, 39)
(1, -34)
(-41, -62)
(6, -51)
(47, -14)
(44, -1)
(16, -51)
(48, 35)
(9, 50)
(-27, 40)
(-26, -37)
(23, 36)
(-2, -59)
(-53, -10)
(-33, 30)
(-26, -49)
(41, -38)
(-58, 1)
(36, -15)
(34, -15)
(-50, 9)
(-32, -35)
(-5, 34)
(86, -1)
(-5, 56)
(-18, -39)
(32, -29)
(36, 39)
(-41, -16)
(-49, 38)
(35, -36)
(32, -65)
(42, -23)
(24, -63)
(49, 8)
(-48, -31)
(19, 50)
(-37, 2)
(-32, 31)
(-78, -61)
(47, 0)
(-66, 33)
(24, 53)
(-24, 35)
(-25, 46)
(-5, -48)
(-9, -62)
(-4, -45)
(-32, -37)
(-38, -37)
(26, -55)
(-49, 22)
(41, -68)
(43, 26)
(61, -12)
(5, 58)
(16, 51)
(-3, 60)
(8, 57)
(17, 32)
(36, 19)
(49, -58)
(-22, -47)
(35, 16)
(42, -47)
(66, 39)
(-19, -46)
(19, 36)
(16, 57)
(12, -43)
(70, -29)
(-50, 13)
(-37, -44)
(23, 64)
(-52, 3)
(-44, -59)
(-57, -30)
(53, 2)
(37, -22)
(3, -44)
(37, -20)
(47, -44)
(-51, 10)
(44, -23)
(52, -33)
(-59, -16)
(-55, 2)
(-39, 2)
(3, -52)
(25, 36)
(-35, 52)
(-56, 43)
(-39, -52)
(-50, 1)
(38, 5)
(27, -38)
(-17, -50)
(-3, 64)
(-9, -70)
(-46, 29)
(-60, -33)
(-55, 22)
(74, -19)
(-81, 12)
(19, -46)
(55, -22)
(-1, 40)
(7, -46)
(29, 36)
(-24, -27)
(41, -36)
(53, 6)
(-58, -7)
(-22, 63)
(-7, -46)
(6, 65)
(5, 44)
(44, -35)
(-18, -53)
(-42, 1)
(-64, 19)
(2, -51)
(47, 50)
(22, 39)
(20, -53)
(-14, -63)
(11, 42)
(-38, -31)
(-9, -58)
(-6, 39)
(3, 50)
(37, -24)
(45, 16)
(-74, 31)
(47, -100)
(46, -13)
(35, -56)
(-40, -43)
(20, 39)
(-17, 44)
(-45, 34)
(-67, -8)
(65, -2)
(-55, -42)
(-32, -61)
(-66, -35)
(-50, -35)
(32, 25)
(51, -24)
(1, 48)
(55, 4)
(17, 62)
(5, 64)
(30, 47)
(-38, -39)
(17, -52)
(55, 6)
(-23, -26)
(29, -42)
(55, 2)
(5, 56)
(42, 13)
(-38, 21)
(-10, 41)
(23, -50)
(56, -23)
(-67, -18)
(20, 31)
(-33, 68)
(53, 66)
(-35, 36)
(-1, 38)
(10, 47)
(-29, -48)
(-35, -50)
(-58, 7)
(-37, -38)
(-4, -53)
(-6, -51)
(40, -45)
(-42, -23)
(-36, -27)
(-61, 18)
(42, -9)
(40, -29)
(23, 28)
(38, 45)
(-20, -43)
(-13, 58)
(55, 18)
(-55, -4)
(-31, 42)
(38, 17)
(54, -11)
(49, -14)
(-21, 36)
(-38, 31)
(-12, -49)
(-50, 11)
(15, 64)
(33, -24)
(-32, 29)
(-27, -48)
(-5, 54)
(-15, -36)
(-70, -47)
(51, -40)
(48, 51)
(40, -37)
(52, -5)
(-45, -62)
(28, 51)
(-5, -66)
(63, -22)
(-26, 19)
(-47, 26)
(-35, 58)
(-56, -11)
(-20, 47)
(-40, 17)
(-25, 54)
(42, 15)
(27, 54)
(15, -62)
(-26, 39)
(-14, -45)
(-3, -48)
(69, 36)
(42, 41)
(53, 32)
(-56, 1)
(40, -55)
(-45, -24)
(4, 49)
(1, -50)
(39, -2)
(-21, -36)
(-35, -52)
(43, 42)
(-5, -56)
(-12, 45)
(20, 37)
(-48, 15)
(52, -17)
(-69, -10)
(-41, 32)
(28, -35)
(-52, -13)
(10, -53)
(-45, 32)
(49, -8)
(-25, 38)
(-34, -43)
(-10, -53)
(-22, 35)
(37, -38)
(31, 24)
(19, 56)
(28, 31)
(-17, -46)
(-40, -39)
(58, -21)
(-3, -56)
(29, -52)
(-43, -18)
(11, 58)
(53, -52)
(32, -37)
(-68, 25)
(21, -44)
(74, 35)
(36, 25)
(-14, -55)
(-54, 13)
(-23, -24)
(4, -53)
(-14, -59)
(-27, -44)
(47, 12)
(-36, 23)
(24, -49)
(39, -20)
(-30, 21)
(-5, -54)
(2, -63)
(1, 50)
(30, 23)
(-30, 31)
(-55, -10)
(50, 25)
(-61, 8)
(4, 55)
(53, 0)
(-56, 15)
(-49, 10)
(34, -21)
(44, -33)
(-27, 34)
(-24, 47)
(51, -10)
(-80, -51)
(-33, 12)
(4, -73)
(11, -56)
(-56, -19)
(50, -39)
(-31, 34)
(24, -45)
(-2, -45)
(-41, -58)
(-61, -36)
(38, -35)
(50, 27)
(28, 43)
(13, -46)
(-26, -43)
(-12, -59)
(-49, 28)
(4, 43)
(-50, -33)
(23, 48)
(-10, 55)
(58, -29)
(42, 5)
(69, 44)
(43, 50)
(28, -47)
(-50, -3)
(55, -20)
(32, 43)
(51, 20)
(-12, 55)
(-37, 12)
(-78, -17)
(-41, -20)
(-19, -56)
(60, -19)
(-24, -75)
(-46, 19)
(51, 32)
(70, -13)
(7, -38)
(-58, 49)
(30, 27)
(-14, -47)
(-55, 14)
(50, -25)
(-29, -42)
(-65, -26)
(10, 51)
(7, 66)
(-38, -45)
(71, -20)
(55, -48)
(-59, -2)
(-49, -18)
(-54, 29)
(52, 47)
(-41, -8)
(-28, -43)
(16, 41)
(-29, -36)
(-60, 19)
(9, 64)
(58, 25)
(13, -80)
(15, -36)
(29, 28)
(-58, 9)
(18, 27)
(28, -55)
(-55, 20)
(-30, -39)
(-38, 29)
(1, -56)
(-8, 61)
(-52, -43)
(-24, 37)
(-58, 5)
(71, -16)
(-55, 40)
(23, 32)
(-38, 63)
(-54, 45)
(-51, 38)
(-8, 53)
(45, -10)
(29, -40)
(-5, 48)
(12, 55)
(64, -33)
(-43, -32)
(6, 47)
(-42, 35)
(-33, -50)
(-39, -38)
(11, -52)
(-32, -41)
(8, 43)
(17, 48)
(-43, 28)
(-53, -2)
(-62, -49)
(69, -12)
(-22, 51)
(-22, -45)
(14, -47)
(-12, -53)
(38, 11)
(31, -54)
(44, 43)
(16, 45)
(-40, 13)
(-52, -11)
(51, -18)
(58, -33)
(26, -45)
(41, 6)
(-34, 37)
(-33, 32)
(-52, 29)
(10, 41)
(-39, -36)
(21, 58)
(24, 69)
(-35, -48)
(-51, 32)
(-53, -4)
(34, -29)
(57, 0)
(59, 8)
(51, 0)
(25, 42)
(38, -21)
(-1, 54)
(52, 7)
(11, -48)
(6, 67)
(-1, -70)
(61, 22)
(-28, 45)
(-54, 33)
(64, -7)
(-42, 11)
(-63, 4)
(-4, 51)
(54, 41)
(-55, -2)
(-46, -43)
(-8, 63)
(-57, -16)
(39, -58)
(66, 21)
(64, -41)
(-31, -30)
(6, -47)
(-61, 24)
(47, 8)
(41, 32)
(-46, -5)
(48, 11)
(-31, -36)
(-12, 65)
(-64, 17)
(-71, 26)
(45, -38)
(0, 43)
(-14, 41)
(48, -31)
(50, 19)
(44, 45)
(-66, -15)
(46, -17)
(-50, -29)
(-35, -30)
(-27, 60)
(-66, -1)
(-53, 58)
(40, 51)
(57, 32)
(15, -54)
(-43, 24)
(42, 21)
(41, 28)
(10, 91)
(-37, 30)
(36, -79)
(40, 45)
(15, -48)
(57, 4)
(-50, 39)
(12, 45)
(-4, -61)
(-33, -32)
(-51, 30)
(29, 52)
(45, 14)
(63, -10)
(54, -5)
(40, -39)
(-28, -45)
(-49, 8)
(26, -51)
(-31, -48)
(31, -36)
(-59, -38)
(15, -38)
(-4, 57)
(14, 53)
(46, 43)
(-30, -37)
(-40, -3)
(-3, -38)
(41, 56)
(51, 14)
(37, -54)
(-29, 54)
(-17, -54)
(-48, 33)
(-32, 43)
(60, -3)
(5, -36)
(46, 53)
(61, 8)
(24, 65)
(12, -57)
(-64, -1)
(-46, 25)
(-51, -14)
(45, 34)
(51, -4)
(-38, -17)
(63, 26)
(-18, 41)
(26, 41)
(30, 49)
(0, -67)
(8, -53)
(45, 36)
(14, 51)
(-32, 39)
(-38, 39)
(-61, 4)
(45, 40)
(-34, -41)
(-44, 71)
(-62, 7)
(42, -55)
(-4, -67)
(-27, -52)
(-14, -73)
(-29, 68)
(42, 37)
(-3, -62)
(6, -65)
(-6, 67)
(-42, 49)
(-44, -19)
(-45, 50)
(28, -63)
(3, -50)
(-66, 11)
(61, -16)
(33, 48)
(27, -36)
(43, -26)
(55, -18)
(-15, -62)
(-33, 34)
(-48, 21)
(44, -27)
(22, 71)
(36, -63)
(28, -31)
(-42, 13)
(32, -45)
(48, 17)
(-59, 6)
(-49, -36)
(63, 2)
(29, -50)
(52, -13)
(-9, -52)
(48, 15)
(-31, -50)
(47, 14)
(55, -34)
(14, 39)
(-42, 27)
(68, -3)
(-49, -8)
(-45, 8)
(11, -66)
(48, -21)
(-56, -35)
(-16, -35)
(-50, -13)
(-58, 21)
(-49, -16)
(-18, -67)
(38, 13)
(-45, 38)
(18, -57)
(-60, -11)
(-17, 54)
(10, 45)
(-50, 33)
(22, 55)
(66, -9)
(58, -31)
(-40, -37)
(-11, 48)
(-42, -15)
(10, -51)
(39, 34)
(-40, 47)
(-50, -45)
(0, -57)
(-19, 54)
(-25, -66)
(-47, -38)
(-17, 48)
(4, -59)
(1, -54)
(58, 3)
(-36, -45)
(-44, -13)
(-23, 32)
(-42, -39)
(16, -55)
(72, -15)
(-59, -10)
(33, 36)
(38, 31)
(-13, 54)
(-53, -38)
(-35, -44)
(-13, -56)
(-38, -57)
(-58, 17)
(-52, -59)
(-13, -68)
(14, -53)
(-54, 59)
(61, 18)
(-51, -20)
(45, -8)
(23, -72)
(7, 46)
(37, 38)
(-46, 9)
(56, -57)
(5, 60)
(-43, -16)
(56, -7)
(-37, -24)
(-44, -3)
(-36, 19)
(-62, 11)
(46, -41)
(31, 66)
(24, -33)
(-52, -27)
(24, -65)
(-33, 22)
(51, 10)
(-8, -49)
(-76, 1)
(-46, 33)
(-34, 43)
(-8, -75)
(52, 65)
(62, -11)
(-9, 64)
(44, -47)
(-51, 4)
(6, 49)
(39, -54)
(26, 75)
(-7, -38)
(-41, -38)
(-54, 19)
(34, -51)
(50, -17)
(10, 59)
(58, 9)
(29, 50)
(35, -20)
(-55, -30)
(-13, -66)
(61, 14)
(-29, 32)
(-52, 19)
(-44, 23)
(-1, -58)
(-53, 64)
(34, -37)
(45, 30)
(41, 26)
(-11, 54)
(-9, 58)
(-56, 25)
(-27, 38)
(33, -42)
(61, 4)
(-45, 24)
(44, 7)
(2, 57)
(-57, -8)
(-47, -24)
(66, 27)
(33, 42)
(-41, 22)
(76, 11)
(75, 24)
(-22, 73)
(26, -37)
(-4, -55)
(61, 44)
(-15, 46)
(10, 71)
(-56, -25)
(41, -42)
(-50, 43)
(36, -57)
(69, -20)
(23, -58)
(-17, -52)
(-43, -24)
(-58, 25)
(-57, -18)
(1, 56)
(-36, 33)
(-9, 56)
(49, -36)
(29, -54)
(26, 39)
(-20, -49)
(8, -81)
(-48, 11)
(63, 0)
(-56, -15)
(-4, -51)
(-62, -27)
(-55, 10)
(-58, 31)
(-23, 56)
(-7, -48)
(-41, 2)
(-68, -13)
(10, 43)
(-3, 52)
(-4, -37)
(-42, 3)
(-3, 62)
(-19, -52)
(-6, 55)
(55, 14)
(0, 49)
(18, 45)
(-56, 35)
(-48, 17)
(-31, 36)
(-23, -50)
(50, -63)
(34, -39)
(-45, -6)
(-14, 47)
(52, -19)
(3, 40)
(-30, -69)
(-58, -5)
(-52, 39)
(-6, 47)
(54, 43)
(14, -77)
(-52, 5)
(26, -41)
(3, 56)
(-27, 44)
(-16, 41)
(48, 3)
(-54, -17)
(53, -34)
(50, 3)
(-45, 22)
(-65, 26)
(52, 31)
(4, 73)
(-16, 67)
(-52, 49)
(59, -4)
(46, -31)
(-16, -71)
(-37, 34)
(-36, -57)
(36, -45)
(-2, -51)
(-7, 68)
(-28, 49)
(50, -21)
(-36, 3)
(-24, 59)
(10, -49)
(-65, 16)
(-44, -25)
(33, 74)
(-37, 50)
(-68, 43)
(54, 17)
(-34, -37)
(60, 9)
(-62, -23)
(-33, 48)
(-45, -32)
(3, 64)
(12, -65)
(35, 30)
(9, 70)
(-43, -22)
(-6, -55)
(-52, -29)
(52, -3)
(-21, -46)
(31, 30)
(-69, 2)
(34, -61)
(38, 37)
(-8, -59)
(12, 53)
(32, -61)
(-34, 19)
(62, 7)
(22, -63)
(-57, 6)
(-61, -6)
(57, 14)
(49, 28)
(45, -50)
(43, 22)
(54, -21)
(58, 13)
(47, 18)
(35, -18)
(50, 21)
(-19, -42)
(-41, -34)
(-20, -51)
(39, 18)
(30, -59)
(17, 38)
(59, -28)
(12, 59)
(-76, 11)
(-35, -28)
(42, -41)
(-13, 62)
(44, 21)
(43, -18)
(-49, -6)
(-31, 40)
(-11, -48)
(21, 56)
(25, 46)
(-28, 33)
(46, -61)
(19, -38)
(33, 56)
(49, 46)
(-58, 3)
(-51, -6)
(56, 15)
(76, 3)
(-14, 55)
(34, -43)
(11, 46)
(-23, 44)
(-35, 32)
(40, -23)
(25, 48)
(44, -19)
(29, -28)
(-46, 27)
(51, -26)
(11, 50)
(27, -44)
(68, -13)
(-5, 50)
(-62, -7)
(-45, 36)
(-62, 29)
(35, 42)
(2, 53)
(64, -21)
(-62, 3)
(60, 5)
(63, -30)
(-55, 16)
(-6, -61)
(44, -43)
(-67, -24)
(-42, -33)
(-50, 37)
(9, -62)
(-76, 17)
(12, 35)
(73, -10)
(59, 2)
(66, -39)
(-60, 13)
(16, 59)
(54, -15)
(-48, 37)
(-55, 46)
(1, 52)
(-32, 33)
(-60, -25)
(45, -28)
(50, 31)
(43, -42)
(-1, 56)
(-10, 59)
(57, -2)
(-61, 14)
(39, -48)
(47, 22)
(84, -47)
(42, -27)
(51, -20)
(-42, 43)
(-30, -41)
(-48, -45)
(-41, 28)
(13, 58)
(10, -63)
(-41, -40)
(-21, 52)
(15, 56)
(7, -68)
(-68, -27)
(46, 21)
(-24, 45)
(-56, -1)
(-1, 60)
(29, -68)
(-59, -72)
(53, 26)
(30, 61)
(56, 1)
(-8, 49)
(5, -66)
(65, 6)
(56, 33)
(55, -32)
(-41, 20)
(17, 34)
(-51, 52)
(-50, 17)
(-58, 19)
(0, -53)
(-19, -40)
(-42, -29)
(-24, -53)
(-34, -59)
(-22, -41)
(-59, -14)
(-15, 54)
(-68, 5)
(56, -9)
(50, -15)
(-28, -59)
(5, -58)
(-57, 56)
(37, -60)
(49, -22)
(5, -68)
(60, 11)
(-63, -34)
(69, -14)
(51, 28)
(-53, -12)
(25, 66)
(35, -74)
(-48, 3)
(-38, -47)
(40, 7)
(-24, -35)
(58, -3)
(-47, -18)
(57, -38)
(-32, -69)
(-31, 48)
(-55, 8)
(50, 5)
(23, -38)
(-21, -66)
(-33, -44)
(-8, -51)
(37, -34)
(-20, 73)
(-59, 38)
(0, -61)
(54, -1)
(35, 44)
(-64, 35)
(-36, -41)
(-40, 37)
(40, 29)
(-16, 45)
(41, 44)
(-27, 58)
(24, 63)
(-7, 56)
(-50, -57)
(-24, 63)
(8, -47)
(35, 54)
(-59, -18)
(-38, -35)
(39, 32)
(-3, -50)
(17, 56)
(-52, -25)
(-42, -57)
(-18, -63)
(21, -60)
(-39, -30)
(9, 52)
(-47, 10)
(13, 60)
(35, -40)
(-57, -20)
(-92, -9)
(28, 67)
(20, 59)
(-30, 59)
(-54, 25)
(-12, 79)
(-48, 61)
(23, 46)
(39, 36)
(-30, 49)
(52, -21)
(-69, 40)
(-28, -53)
(66, -33)
(-22, 57)
(48, 33)
(-44, 5)
(57, 24)
(55, 42)
(-34, 33)
(26, -47)
(-56, 9)
(-64, -19)
(-33, -22)
(-37, 40)
(46, -5)
(10, 53)
(44, -17)
(-44, -33)
(-56, 23)
(-61, 0)
(57, 16)
(7, 62)
(-53, 10)
(-65, -24)
(42, 11)
(11, -80)
(51, 40)
(30, -49)
(46, -29)
(-53, 14)
(-67, -10)
(-65, 36)
(38, -33)
(-11, 70)
(54, 11)
(43, -64)
(-48, -29)
(-24, 77)
(-1, -44)
(-33, 76)
(-36, -55)
(23, -56)
(38, -29)
(-32, 51)
(34, -41)
(-43, 30)
(41, 40)
(26, 57)
(42, -49)
(-36, 59)
(-60, 29)
(8, -59)
(-89, -8)
(-42, -5)
(46, 23)
(-55, 90)
(-68, -23)
(-46, 17)
(62, 5)
(-48, -7)
(26, -53)
(57, -4)
(46, -33)
(60, 15)
(28, -37)
(33, 22)
(-54, 17)
(12, 47)
(-42, -41)
(2, -61)
(4, -45)
(41, 10)
(-58, -25)
(-56, -21)
(68, 5)
(25, -52)
(-4, 73)
(-21, -70)
(-62, 25)
(-53, 18)
(-54, 23)
(55, 8)
(-29, 50)
(64, 33)
(-51, 68)
(-16, -49)
(67, -14)
(37, -26)
(-25, -54)
(6, 51)
(36, -47)
(-47, -2)
(-12, -45)
(-60, -31)
(-50, 19)
(-51, 2)
(46, 41)
(57, -8)
(55, -16)
(47, 54)
(-44, 39)
(-51, -32)
(-32, 55)
(27, 44)
(-61, 28)
(-5, 52)
(-52, -21)
(-39, 52)
(-27, -56)
(46, -35)
(-38, -5)
(-16, 59)
(-46, 39)
(36, -27)
(-21, -54)
(6, -61)
(-2, -67)
(-48, 47)
(44, -37)
(-31, -40)
(9, -66)
(54, -29)
(60, 19)
(61, -6)
(5, -62)
(-73, 16)
(73, -36)
(-54, 27)
(-10, 61)
(-32, 41)
(11, -60)
(-47, 24)
(19, -62)
(-59, -12)
(-51, -28)
(-53, 22)
(-7, 58)
(-41, 48)
(44, -31)
(44, 51)
(61, -28)
(1, 66)
(-69, 34)
(-52, 31)
(-63, -36)
(-44, -47)
(2, 71)
(-33, 52)
(73, -14)
(-69, -62)
(-1, 58)
(-36, 29)
(-35, -60)
(-21, -44)
(20, -41)
(39, 26)
(60, 27)
(14, 45)
(24, 47)
(-23, -52)
(42, 29)
(-71, 14)
(53, -48)
(-16, -63)
(-55, -36)
(58, -5)
(36, -33)
(-15, 50)
(32, 57)
(-62, 33)
(57, -6)
(57, -24)
(-51, 34)
(-34, 61)
(8, 53)
(34, -67)
(-63, -30)
(-47, 0)
(14, 61)
(25, 78)
(13, 86)
(54, -9)
(-18, 53)
(-7, -62)
(45, 54)
(-18, -49)
(35, 34)
(-39, -40)
(-56, 19)
(-43, -34)
(70, 9)
(52, 21)
(-29, 40)
(69, 6)
(-52, 25)
(-58, 13)
(59, 34)
(-53, 4)
(47, -24)
(-60, -19)
(-5, 76)
(36, 59)
(-8, -61)
(-43, 38)
(-30, 45)
(51, -58)
(-49, -26)
(64, -11)
(-27, 56)
(72, -13)
(48, -5)
(-26, 55)
(14, -49)
(-2, 69)
(3, -72)
(-23, 46)
(50, 37)
(50, 45)
(-18, 49)
(-54, -27)
(-19, -74)
(-48, 5)
(-49, 20)
(46, -39)
(-63, 10)
(-53, -36)
(56, 3)
(-52, 7)
(51, 24)
(-67, -34)
(-54, -23)
(25, 58)
(-57, 22)
(45, 24)
(-40, 31)
(-28, -39)
(61, 46)
(2, -65)
(62, 17)
(31, -38)
(27, 46)
(-45, -22)
(-64, -13)
(-17, 46)
(31, -60)
(65, 4)
(-12, 61)
(-47, 8)
(63, -4)
(50, -27)
(-28, 57)
(-46, -27)
(60, -7)
(8, -45)
(-7, -44)
(16, 49)
(-52, -7)
(28, 65)
(-40, -47)
(41, -16)
(25, -28)
(-63, -12)
(-36, 31)
(71, -42)
(19, 42)
(42, 57)
(30, -43)
(44, 31)
(-11, -52)
(-30, 57)
(-31, -44)
(-46, 37)
(-26, 63)
(-26, 53)
(-21, -52)
(70, 7)
(38, -53)
(-4, -57)
(62, -19)
(1, -64)
(-37, 44)
(45, -30)
(-54, -1)
(58, 43)
(67, -26)
(8, 69)
(-3, -104)
(43, 64)
(67, -48)
(47, 30)
(-19, -48)
(53, 28)
(66, 17)
(-47, 38)
(59, -38)
(-60, 11)
(21, -62)
(-35, 66)
(-53, 34)
(43, 40)
(-33, 38)
(42, -11)
(1, 60)
(-63, 42)
(20, -49)
(-58, -13)
(1, -66)
(48, -11)
(56, -31)
(-31, -38)
(-17, -60)
(52, -29)
(-12, -57)
(-59, -4)
(-34, 41)
(51, 22)
(-71, 12)
(-15, -44)
(-31, 52)
(4, 69)
(-21, -64)
(-50, 15)
(2, -71)
(34, 49)
(52, 45)
(58, -9)
(43, -48)
(-39, 38)
(-22, 43)
(11, -68)
(15, -66)
(36, 77)
(-52, -17)
(25, 50)
(-29, 66)
(-39, 62)
(-61, -2)
(-50, 31)
(12, 51)
(-3, 44)
(53, -18)
(17, 74)
(-64, -27)
(-76, -49)
(-63, 36)
(-50, 21)
(78, 13)
(69, 10)
(29, 38)
(43, -30)
(71, -8)
(-25, 56)
(56, 7)
(-2, -71)
(-26, -63)
(1, 58)
(-48, -61)
(58, -25)
(49, -50)
(45, -32)
(50, -1)
(53, 22)
(30, -51)
(28, -65)
(53, 4)
(-20, -61)
(13, 54)
(4, 57)
(-20, 39)
(7, 58)
(19, -40)
(-49, -20)
(49, -16)
(-53, 38)
(47, -32)
(-49, 52)
(48, 57)
(63, 14)
(-58, -17)
(-40, -29)
(10, -69)
(19, -44)
(3, 48)
(72, 5)
(-49, -50)
(41, -24)
(-51, -48)
(57, -16)
(-42, 7)
(48, -35)
(54, 37)
(-13, -70)
(43, -22)
(-44, 27)
(-50, -9)
(-74, -21)
(-63, -16)
(66, -1)
(-48, 29)
(70, -1)
(20, 63)
(-64, 13)
(-53, 24)
(59, 26)
(27, -48)
(20, 51)
(23, 52)
(53, 46)
(76, 17)
(22, 61)
(-3, -78)
(69, 12)
(-24, -63)
(36, -69)
(50, -41)
(52, -41)
(66, -7)
(74, -9)
(69, -42)
(-55, -14)
(44, -61)
(-2, 53)
(-26, -59)
(23, -46)
(27, 66)
(-11, -56)
(-25, -40)
(26, 55)
(-4, 69)
(5, 54)
(45, 44)
(-59, 44)
(-19, -68)
(46, 17)
(53, -22)
(-35, 54)
(54, 15)
(2, -59)
(-20, 69)
(-6, -69)
(50, -35)
(-43, -58)
(38, -45)
(46, 55)
(11, 60)
(79, 22)
(-42, 19)
(-56, -31)
(25, -46)
(-57, 14)
(72, -37)
(32, 39)
(-45, 40)
(-62, -41)
(-64, 37)
(-10, 65)
(-47, 32)
(56, -17)
(-34, -53)
(63, 10)
(-43, 46)
(48, -13)
(21, -52)
(-51, 28)
(-36, -65)
(-50, -17)
(-38, 49)
(-55, -18)
(30, 57)
(-78, -1)
(57, 38)
(-27, 42)
(4, 65)
(49, 44)
(-11, 66)
(-60, 17)
(15, -78)
(-51, -30)
(38, 81)
(-30, -53)
(-45, 28)
(-49, 18)
(-53, 16)
(29, 54)
(-55, 26)
(-5, 98)
(16, -53)
(-30, -51)
(43, 48)
(-20, -55)
(50, 61)
(-48, 51)
(-60, 37)
(12, -61)
(-71, -6)
(-41, 44)
(-57, -4)
(-47, 42)
(0, 47)
(-60, 57)
(-43, -42)
(19, -48)
(14, -55)
(23, -60)
(-28, -51)
(-23, -62)
(63, 48)
(-39, 42)
(-79, 4)
(-37, -42)
(39, -44)
(-11, -50)
(-38, -53)
(-4, -59)
(-21, 56)
(57, -32)
(-24, -69)
(-42, 51)
(65, -54)
(-56, -23)
(55, 40)
(54, -17)
(42, -17)
(11, 62)
(-18, 57)
(-67, 28)
(-54, -49)
(51, -30)
(45, -46)
(-58, 11)
(80, 15)
(30, 35)
(-34, 51)
(-51, 18)
(29, 42)
(52, -31)
(-4, 61)
(35, 46)
(17, -58)
(59, 42)
(-62, -35)
(5, 72)
(64, -47)
(10, 55)
(-26, 45)
(-33, -42)
(-63, -6)
(53, 20)
(-24, -57)
(74, 19)
(-51, -36)
(50, -37)
(-29, 56)
(66, -11)
(56, -21)
(29, -48)
(15, 54)
(-38, 61)
(-44, 45)
(-68, 29)
(25, -48)
(-26, 49)
(-29, -54)
(-78, -5)
(50, 49)
(40, -49)
(63, -16)
(61, 16)
(-39, 44)
(-66, -17)
(64, 47)
(-38, -63)
(16, 75)
(-9, 52)
(-30, -47)
(70, -7)
(26, -57)
(-61, 20)
(22, 47)
(-28, 51)
(-70, 29)
(43, 34)
(-19, -54)
(55, -4)
(39, 20)
(47, 28)
(-26, 57)
(42, 19)
(-63, 16)
(-72, -1)
(-64, -43)
(-74, -27)
(6, 59)
(-64, -3)
(-32, 59)
(9, 54)
(14, -59)
(-54, -33)
(-29, -52)
(-9, 70)
(64, 29)
(16, -49)
(68, 17)
(55, 32)
(54, -41)
(-39, 58)
(29, 68)
(50, 73)
(64, 1)
(38, 47)
(49, -2)
(51, 42)
(27, -52)
(46, 27)
(-47, 16)
(0, 61)
(-56, -5)
(24, 59)
(-16, -59)
(48, 29)
(50, 29)
(-36, -61)
(-25, -46)
(39, -24)
(71, -40)
(60, -17)
(9, 66)
(55, -28)
(0, 59)
(-28, -47)
(-30, 43)
(-2, 59)
(-15, 44)
(63, 6)
(35, 38)
(48, 25)
(-68, -3)
(-13, -64)
(63, 18)
(25, -50)
(-24, -59)
(-39, 24)
(87, -12)
(-7, -60)
(19, 64)
(-9, 60)
(-57, 32)
(44, 41)
(23, 66)
(4, -61)
(-41, 54)
(35, -58)
(-68, -25)
(21, -54)
(28, -43)
(48, 27)
(31, -50)
(-54, 1)
(51, -28)
(12, 65)
(-17, 72)
(-45, -26)
(50, 35)
(40, -47)
(15, 52)
(-11, -60)
(47, -34)
(-38, -29)
(-74, -43)
(49, 6)
(-7, 64)
(36, -43)
(38, 55)
(-24, 51)
(-58, 43)
(48, -7)
(-25, -38)
(-61, 34)
(-49, -52)
(36, -37)
(-47, -50)
(54, -13)
(-54, 7)
(-44, 55)
(-62, -9)
(22, 59)
(62, -3)
(-54, -59)
(67, -8)
(-48, 55)
(23, 58)
(-37, -36)
(24, -51)
(54, 3)
(-43, -50)
(-28, 63)
(65, -14)
(-54, -3)
(-63, 20)
(-45, 44)
(-73, 36)
(-8, 55)
(53, -62)
(-23, -58)
(-16, 51)
(-61, -24)
(67, -2)
(31, 54)
(53, -64)
(-48, 41)
(-53, -32)
(55, 30)
(-5, 68)
(54, -25)
(-76, 9)
(-34, 67)
(-55, -12)
(-22, 53)
(15, -70)
(6, 57)
(85, -4)
(-64, -49)
(18, 51)
(58, 5)
(-14, 59)
(-77, 30)
(-54, -11)
(5, -52)
(56, -11)
(71, -2)
(12, -83)
(-32, -71)
(52, 43)
(-37, 46)
(58, 17)
(-36, 63)
(29, -58)
(-60, 53)
(-35, -38)
(-4, -63)
(-56, 31)
(29, 56)
(-41, -48)
(56, -25)
(40, 59)
(10, -67)
(39, -60)
(-16, 63)
(33, 46)
(-61, 22)
(-46, -39)
(-71, 4)
(-71, -12)
(-34, -55)
(-70, 33)
(77, 16)
(-20, 57)
(2, -57)
(-25, 36)
(63, 24)
(-38, 55)
(27, 62)
(-54, 5)
(-35, -74)
(-44, -49)
(-47, 62)
(-59, -6)
(-24, -49)
(-10, -51)
(2, -75)
(-10, -59)
(10, -55)
(-42, 23)
(40, 33)
(19, 54)
(-49, 6)
(22, 43)
(50, -13)
(0, -71)
(-7, 44)
(28, 57)
(-44, -45)
(-4, 65)
(49, 20)
(-25, 48)
(53, -14)
(-32, -53)
(-52, 33)
(-63, -56)
(-35, -34)
(64, -23)
(-65, -4)
(56, 13)
(-7, -54)
(52, -47)
(-44, -43)
(37, 42)
(16, 63)
(53, -6)
(-52, 61)
(61, 12)
(13, 68)
(-35, 50)
(-15, -56)
(47, 34)
(-48, -39)
(-78, 35)
(24, 55)
(-40, -49)
(41, -44)
(-20, -53)
(10, -57)
(59, -16)
(31, -46)
(65, 8)
(-48, -49)
(33, -58)
(-27, 52)
(59, 40)
(-59, -36)
(-37, -52)
(46, 47)
(15, -46)
(-74, -17)
(52, 29)
(-39, 36)
(-15, -58)
(49, 24)
(-51, -44)
(-33, -38)
(-35, -68)
(-34, 49)
(30, 59)
(75, -4)
(-43, 32)
(46, 33)
(-24, 53)
(14, -69)
(-42, 33)
(51, -34)
(-68, -21)
(7, -66)
(-52, 35)
(-54, 63)
(-22, -65)
(43, 72)
(-85, 4)
(40, -15)
(64, -15)
(50, -33)
(18, 67)
(-46, 47)
(51, -16)
(-40, -53)
(24, -53)
(-53, -52)
(-3, -60)
(-17, 50)
(63, -32)
(13, 48)
(80, 3)
(30, 55)
(78, -67)
(-43, -76)
(-14, 53)
(-5, 60)
(-65, -16)
(-55, -34)
(57, -14)
(40, -51)
(-73, 0)
(-43, -36)
(46, -57)
(-46, -47)
(42, -45)
(-14, 51)
(65, 10)
(1, -46)
(-60, 23)
(58, 15)
(-9, -56)
(62, -13)
(36, -51)
(48, -25)
(-7, 80)
(-66, -27)
(37, 50)
(8, -55)
(15, 62)
(43, -46)
(55, -6)
(-14, 65)
(-3, -66)
(-20, 67)
(55, -30)
(-43, 42)
(-55, -32)
(-47, 22)
(68, 9)
(42, -51)
(75, 14)
(-13, 60)
(-18, 65)
(59, -40)
(-15, -54)
(65, -4)
(-56, -9)
(1, -52)
(24, 77)
(-39, -70)
(71, 16)
(14, -51)
(-49, -4)
(-22, 59)
(-50, 23)
(65, 44)
(-31, -52)
(46, 57)
(-61, -12)
(-23, 52)
(-62, -47)
(-53, 20)
(-13, 68)
(19, -78)
(3, -60)
(45, -14)
(-33, -64)
(-49, 42)
(-16, 75)
(15, -74)
(-56, 5)
(60, -41)
(-46, -41)
(24, -67)
(31, 50)
(69, 0)
(-47, 44)
(17, 52)
(45, -36)
(49, -28)
(58, -13)
(-53, 44)
(-58, 35)
(-64, -15)
(-42, -47)
(48, 37)
(-9, 66)
(64, -3)
(-6, 65)
(39, -34)
(20, 49)
(-40, 41)
(-1, -62)
(-47, -36)
(-22, 55)
(67, 10)
(-34, 73)
(3, -56)
(-52, 37)
(79, 6)
(-51, -4)
(-45, 46)
(29, -56)
(-3, 54)
(41, 52)
(36, 61)
(-38, -43)
(-36, -49)
(-39, -56)
(83, 2)
(60, -9)
(-34, -65)
(40, 57)
(-36, -47)
(-52, 23)
(59, -42)
(-52, 1)
(60, 37)
(32, -53)
(-15, -68)
(-46, -35)
(-29, -74)
(33, -46)
(69, 32)
(-53, -26)
(-57, -22)
(54, 49)
(-23, -56)
(-36, -83)
(-30, -59)
(22, -77)
(52, 41)
(53, -28)
(-1, -48)
(-2, 83)
(39, 48)
(38, 43)
(7, -58)
(-56, 17)
(-48, 25)
(-48, 23)
(-58, 45)
(53, 56)
(57, 18)
(-12, 73)
(61, 32)
(-27, 54)
(-29, -64)
(-42, -35)
(56, -15)
(-29, -62)
(72, -5)
(29, -84)
(7, -62)
(-41, 50)
(-70, -23)
(35, -44)
(16, -87)
(-65, -20)
(64, -1)
(18, -55)
(-12, -55)
(54, -57)
(-55, -58)
(57, -52)
(-123, -28)
(20, -61)
(48, 31)
(47, 36)
(66, -5)
(58, 7)
(-40, -59)
(49, -34)
(-43, -54)
(45, -34)
(-65, -6)
(63, 8)
(54, 55)
(68, -11)
(-34, -75)
(-2, 73)
(2, -55)
(38, 63)
(62, -9)
(-6, 61)
(54, 35)
(-46, -33)
(20, -71)
(-23, -44)
(47, -48)
(70, -31)
(-6, 73)
(54, -23)
(-32, -43)
(51, -52)
(-42, 57)
(28, -75)
(-40, 59)
(65, 18)
(-6, -63)
(-36, -63)
(-79, 0)
(58, 27)
(15, -52)
(56, -33)
(-1, 70)
(17, -46)
(73, -6)
(2, 61)
(-21, -60)
(81, 0)
(21, 66)
(9, -58)
(49, -68)
(-23, 60)
(-33, -52)
(60, 23)
(-77, -14)
(22, 77)
(-27, 74)
(38, -49)
(47, 46)
(46, -37)
(21, -56)
(-36, 69)
(11, -62)
(54, 39)
(-33, -54)
(58, 29)
(13, 50)
(65, -16)
(-40, -55)
(23, 56)
(34, -53)
(15, -68)
(-16, -65)
(-4, 55)
(-57, 16)
(-37, 38)
(-39, 50)
(-41, -36)
(107, 34)
(-97, 22)
(-59, 8)
(53, -30)
(-69, 42)
(-45, -68)
(19, -60)
(-72, 9)
(26, -65)
(30, -65)
(-8, 69)
(70, -5)
(-54, 37)
(-17, 70)
(-45, -72)
(-33, 44)
(2, -87)
(35, -50)
(-10, -65)
(-19, 64)
(8, 73)
(30, 53)
(61, 6)
(-85, -26)
(-9, -68)
(-64, 11)
(-49, -30)
(65, 34)
(-60, 15)
(61, 28)
(68, -35)
(-41, -54)
(55, 20)
(56, -29)
(-74, 1)
(2, 59)
(-2, 57)
(27, 56)
(-76, -35)
(-52, -19)
(46, -27)
(-7, -86)
(41, -34)
(-62, -17)
(26, 73)
(34, -49)
(-16, 57)
(67, -16)
(62, 47)
(85, 34)
(-63, -22)
(53, 40)
(48, -39)
(-16, -61)
(61, -18)
(-60, -15)
(59, 36)
(-45, -44)
(-56, 37)
(19, 52)
(-40, 51)
(52, -35)
(63, -8)
(1, -68)
(45, -22)
(-59, 2)
(76, 9)
(-57, 48)
(11, -72)
(-34, -49)
(-47, 60)
(-41, -50)
(12, 63)
(-56, -3)
(78, -15)
(42, 43)
(66, -3)
(3, -80)
(-55, -24)
(-14, 87)
(-64, 9)
(7, -76)
(-58, 51)
(-53, -18)
(-38, 51)
(-63, 28)
(-72, 25)
(-50, 29)
(12, -73)
(-23, -68)
(-17, 58)
(-26, -65)
(58, -19)
(-61, -14)
(-57, 18)
(-47, -34)
(53, 16)
(-8, -55)
(39, 38)
(35, -42)
(52, 37)
(-54, -35)
(-65, -2)
(-35, -42)
(-43, -44)
(-45, 52)
(-44, 15)
(65, -12)
(-68, 9)
(61, -14)
(-63, -26)
(-51, 16)
(-63, -2)
(53, -26)
(-30, 53)
(-45, -30)
(-32, -47)
(43, -52)
(-1, -74)
(22, -69)
(-83, 36)
(16, -63)
(-5, 66)
(3, 72)
(-61, 54)
(49, -42)
(-21, 60)
(-24, -67)
(8, 59)
(-25, -52)
(-76, 15)
(-9, 72)
(79, -2)
(7, -56)
(-18, -71)
(-62, 5)
(72, -27)
(-16, 53)
(25, 68)
(30, 51)
(67, -22)
(47, 58)
(53, -56)
(-2, -61)
(20, -55)
(-57, 0)
(-35, 40)
(-31, 54)
(-67, -4)
(4, 61)
(-57, 12)
(-71, 18)
(38, -41)
(-55, 12)
(50, -45)
(-36, 55)
(0, 91)
(54, -67)
(58, -1)
(-31, -42)
(-69, -20)
(-29, 58)
(54, -27)
(-50, -31)
(24, 57)
(42, -53)
(-57, 26)
(44, 33)
(-42, -45)
(-64, -25)
(-37, -58)
(20, 61)
(18, 55)
(71, 10)
(45, -54)
(61, -46)
(-49, 48)
(-66, 13)
(-23, -72)
(23, 50)
(76, -15)
(-61, -8)
(-41, -60)
(23, -68)
(-42, 65)
(-19, 58)
(55, 46)
(47, 38)
(-63, -60)
(-13, 70)
(40, 47)
(11, -70)
(67, 64)
(75, 32)
(-68, -35)
(68, -23)
(-60, -35)
(-54, 35)
(-15, 70)
(36, 43)
(41, 58)
(-67, -22)
(42, 69)
(38, -55)
(68, 11)
(-6, -53)
(-67, 8)
(52, 27)
(62, -29)
(-68, -11)
(-3, -58)
(-21, 66)
(-70, -31)
(2, 73)
(10, 79)
(35, 58)
(-51, -34)
(41, -40)
(-76, 7)
(-58, -37)
(-54, -31)
(39, 40)
(-20, 53)
(-32, -57)
(53, 14)
(10, 67)
(40, 55)
(76, 27)
(48, -49)
(62, 1)
(-54, 21)
(27, -62)
(71, -22)
(-11, -62)
(55, 22)
(-31, -58)
(16, 53)
(44, -71)
(78, -21)
(-17, 60)
(13, -52)
(-18, 79)
(17, -68)
(-72, 37)
(-25, -58)
(-58, -1)
(-33, -86)
(-25, 42)
(6, -57)
(70, 19)
(-12, 57)
(67, 2)
(2, -67)
(15, 60)
(-67, 44)
(82, 21)
(16, 67)
(23, -66)
(-55, -22)
(-19, 62)
(82, -19)
(21, -58)
(-58, -31)
(53, -36)
(-58, -41)
(55, -38)
(41, 46)
(59, 18)
(62, 29)
(21, -64)
(27, 78)
(63, -36)
(34, 51)
(-61, 38)
(-29, -50)
(-61, -38)
(-39, -58)
(-81, -44)
(-39, -68)
(22, 53)
(71, 20)
(-49, -46)
(53, 42)
(-61, -46)
(14, -73)
(-10, -57)
(-68, 21)
(-13, 52)
(59, 16)
(14, 63)
(3, 62)
(58, 21)
(26, -63)
(60, 41)
(-30, -67)
(-57, 34)
(-63, 8)
(-35, 38)
(-41, -46)
(75, 6)
(-54, -25)
(-85, 12)
(46, 45)
(-8, -65)
(-65, -54)
(-42, -59)
(53, -40)
(-16, 49)
(-67, 16)
(-69, 4)
(45, 56)
(-50, -23)
(-38, -51)
(-67, 10)
(23, 70)
(-44, -31)
(-12, 63)
(-62, -29)
(9, -60)
(-64, 1)
(56, -3)
(-50, 63)
(13, 56)
(-64, 29)
(40, -43)
(47, 32)
(-43, 50)
(-60, -27)
(-38, 45)
(66, 29)
(16, -67)
(-7, 54)
(-68, 15)
(-22, 45)
(-40, 45)
(-65, -10)
(64, 63)
(48, -37)
(67, -34)
(41, -46)
(-29, 60)
(16, 55)
(64, -19)
(14, 67)
(-21, -56)
(11, 56)
(36, -49)
(44, 25)
(61, -56)
(-57, 46)
(48, 41)
(46, -25)
(46, 29)
(-45, 30)
(68, 3)
(31, 56)
(-44, -55)
(60, 13)
(-69, -30)
(-54, -43)
(-48, 43)
(-60, 7)
(-4, 53)
(43, -38)
(-69, -6)
(-63, -50)
(46, -59)
(-6, -83)
(-57, 10)
(60, -13)
(-13, -58)
(6, 71)
(-61, -22)
(49, 34)
(49, -44)
(7, -86)
(60, 1)
(-44, -57)
(-91, 10)
(-43, 52)
(55, 26)
(63, -6)
(-27, -72)
(62, 21)
(4, -65)
(-45, 54)
(-46, -67)
(33, 44)
(12, 73)
(-61, -52)
(-75, 14)
(-7, -76)
(-4, -73)
(-34, 47)
(31, -58)
(47, -40)
(-1, -66)
(-60, 41)
(-39, -54)
(12, -69)
(-63, 0)
(53, -12)
(-33, -70)
(67, 26)
(-15, -52)
(-59, -48)
(-35, 68)
(-2, 63)
(74, -7)
(9, -54)
(-51, 20)
(67, 14)
(50, 67)
(33, 60)
(-64, 3)
(-54, 11)
(-56, 29)
(-39, 56)
(-74, -31)
(-25, 58)
(-67, 26)
(3, -74)
(-18, -55)
(-40, -51)
(-21, -74)
(68, 19)
(-67, -30)
(7, 64)
(-59, -28)
(-41, 46)
(47, 16)
(-63, -20)
(56, -19)
(63, -2)
(39, -50)
(7, 74)
(66, 11)
(59, 24)
(-36, 53)
(17, -72)
(-7, -58)
(-31, 58)
(-30, -57)
(-12, 71)
(-22, -61)
(87, -48)
(72, -29)
(-61, 12)
(-57, -2)
(-58, 27)
(-51, -16)
(75, 8)
(76, -27)
(-58, -51)
(45, -44)
(73, 0)
(14, -65)
(-57, 44)
(-17, 68)
(-11, -80)
(21, 44)
(56, -13)
(-29, -58)
(-58, -39)
(65, 28)
(69, 20)
(-59, 22)
(33, -50)
(82, 37)
(54, 47)
(-13, -54)
(32, 53)
(-53, -22)
(-22, 61)
(-65, 14)
(32, -55)
(58, 19)
(37, -42)
(2, 75)
(63, 36)
(-37, 48)
(70, 37)
(-57, 24)
(75, -16)
(14, -61)
(73, 24)
(30, -69)
(68, -19)
